-1	-5	-3	-3	-1	-1	-1	-3	
-1	5	-1	-2	0	1	0	1	
0	0	-3	-2	1	0	0	0	
-4	-5	2	0	0	2	1	-1	
-1	-3	-2	0	0	-2	0	-2	
-2	0	1	0	0	-6	-1	-1	
-2	-4	2	-2	1	-2	-5	0	
-1	3	-2	-2	0	-2	-2	0	
-1	1	-1	-1	-1	-3	0	0	
6	-7	1	1	2	0	0	-1	
0	8	-1	0	-1	0	0	-1	
0	-2	-4	2	0	0	0	-1	
1	1	2	-3	-1	-2	0	0	
1	3	0	-3	-1	-3	-2	0	
2	-4	1	-1	1	-4	1	0	
-1	3	4	-2	-2	1	-2	-2	
-3	-2	-2	-1	-2	2	0	1	
-2	0	0	1	-2	0	-2	0	
0	-4	0	-2	-1	0	0	-1	
0	-2	-4	0	0	1	-1	-1	
1	-2	-2	-3	-2	0	-2	-3	
-1	5	1	-2	0	-3	1	1	
-3	-3	1	2	0	-3	-1	-1	
1	-3	-5	1	-1	-2	0	-2	
-2	-1	0	-1	0	-2	-2	1	
-2	4	1	-1	0	-1	-1	-2	
0	-6	-2	0	-1	1	-1	-2	
0	-2	0	-1	-1	1	-2	-1	
0	-2	-1	-1	-1	-2	-1	-2	
-3	-1	-2	0	0	-1	-3	-2	
2	-5	-1	-2	-1	3	-1	-2	
0	-1	-3	-1	0	5	1	-1	
-1	-1	-1	-1	-1	0	-1	1	
5	-10	1	-1	-2	-2	1	0	
1	5	-2	-2	-2	-1	-1	0	
-3	-3	-2	-2	0	0	-1	-2	
1	8	1	0	1	-1	0	-2	
-4	32	-2	3	1	2	1	-1	
0	3	0	0	-2	-1	-1	0	
0	-1	1	-2	-1	-3	-3	1	
-2	-8	-1	0	-1	0	1	0	
-2	-6	3	-2	0	-3	-2	-2	
1	2	1	-1	0	-5	1	0	
1	7	-2	0	-2	1	-2	0	
-1	-1	-2	-2	-1	-1	-3	0	
-2	-7	1	-2	0	-3	1	0	
-1	-1	-1	0	0	-2	-1	1	
-1	-7	0	0	-2	-3	-1	-2	
-2	-2	-1	0	-1	0	-1	0	
-2	1	-1	-2	-2	1	1	0	
0	-1	0	-3	-1	2	0	-1	
-2	-1	-2	1	0	1	-2	0	
-1	-2	0	0	-2	1	-1	-2	
2	-8	2	-2	1	-2	-2	0	
-10	4	-1	2	2	0	1	-1	
0	-1	-2	-2	0	-2	1	0	
-3	-6	1	0	1	1	0	-1	
3	-1	0	0	0	-2	-1	1	
0	11	0	1	-2	-1	-2	0	
-1	0	1	-3	-1	-3	0	0	
-2	0	-2	-1	0	-1	-1	0	
-4	-2	-2	-1	-1	0	0	-1	
1	-3	0	-1	-2	-4	-1	0	
-3	2	1	0	-2	-1	-1	-2	
0	-1	-2	-1	-1	-1	-2	-2	
-2	-1	-1	-2	-1	-3	-1	2	
1	-5	4	-1	1	-2	0	0	
2	0	-1	-1	-2	1	-1	-1	
1	0	1	-1	0	0	0	-1	
0	1	2	0	-2	-3	1	-2	
-2	-3	1	-1	1	-3	1	-1	
-4	-1	-2	-1	1	-2	-2	0	
0	-1	-1	1	-2	-1	-1	1	
-2	3	2	-1	1	0	-3	-1	
0	-3	0	-2	-3	-1	-2	-1	
-1	-1	0	-2	0	-2	-1	-2	
-1	-1	2	0	-2	0	-1	-1	
0	0	0	-1	0	1	-3	0	
2	-2	-1	0	-1	-2	-3	0	
-2	-1	-4	0	0	0	0	-2	
-1	2	1	-1	-1	-2	0	-1	
-2	-2	1	-2	-2	-3	2	0	
0	-2	0	-2	0	-1	-1	1	
-1	0	-3	0	-2	3	0	0	
-2	0	-1	0	2	-1	-1	1	
0	0	-1	-1	0	0	0	-2	
8	-6	1	-4	-4	-5	-2	0	
-4	-4	-4	2	0	1	0	-2	
0	-4	-2	-2	-3	-1	-3	-1	
0	-2	0	1	-2	-1	-3	2	
2	-3	3	1	0	-2	-3	0	
-2	-1	-1	-1	0	1	0	0	
0	1	-1	-1	0	3	3	-2	
1	-2	0	0	-1	0	0	0	
-2	2	2	-1	0	0	-1	-2	
1	0	0	1	-1	0	-1	0	
-4	-3	1	0	-1	-2	1	1	
1	1	0	-2	-1	-3	0	2	
-4	-1	1	0	0	1	3	-1	
0	0	1	3	-1	-1	-2	-2	
1	-12	-3	-2	-2	0	-2	-1	
0	-4	3	-2	0	0	-1	-2	
-6	-1	-1	1	0	-3	-1	1	
-9	11	-6	-1	-1	-3	1	0	
-4	0	1	0	1	-1	-1	-1	
-1	-3	2	2	0	0	-1	-3	
4	19	3	0	1	1	0	2	
-6	-28	-4	-7	0	-1	-1	-3	
1	6	14	1	0	-1	1	1	
3	7	-5	4	2	2	3	2	
4	-17	-15	-14	-3	-5	-1	-1	
3	5	13	0	-2	-7	-3	-1	
-3	-5	1	0	-3	0	-2	-2	
-10	15	17	10	1	3	0	-3	
9	1	6	-4	-1	5	-1	0	
3	4	0	7	6	8	3	0	
12	22	-3	-9	0	3	3	4	
-34	-55	-47	26	-5	-18	-5	-7	
-5	-1	36	-31	-8	-7	-3	-8	
-20	-9	-43	18	-27	-9	-5	-5	
0	-8	32	-60	10	-7	-2	-1	
13	55	26	7	-17	8	-2	3	
13	-23	-40	12	23	1	4	15	
21	-4	2	-1	34	-3	8	11	
-66	-7	-18	21	-74	-4	-7	-17	
-1	-24	20	-16	68	-8	-52	-31	
-6	8	16	7	-15	15	35	16	
29	22	7	8	23	10	62	48	
14	15	-9	20	46	15	86	-56	
19	-20	16	2	-18	9	-27	11	
10	-21	-12	24	15	-13	-59	5	
37	-56	20	-14	-24	-15	41	-7	
22	31	30	-7	-12	5	-46	70	
5	36	36	-24	-19	22	46	-58	
0	-67	-12	67	-54	-36	-12	-5	
-112	1	-44	-79	-2	-15	-89	-32	
-28	-72	-75	-56	-42	-47	-47	-67	
1	-86	-26	14	-51	-17	-47	112	
101	39	13	58	43	48	60	94	
54	14	8	55	70	32	113	76	
-100	-6	56	-8	37	4	-65	-76	
16	-31	-34	-95	120	-15	1	2	
8	-5	18	80	-105	60	91	29	
90	9	29	26	-76	-29	-98	113	
-19	98	-28	-50	12	49	-50	-21	
-56	32	1	-75	-120	-13	32	-54	
-35	32	-63	-44	105	-118	31	45	
-67	-25	-72	56	109	66	-78	-79	
127	71	-48	-6	-24	23	79	65	
-41	44	-38	17	14	16	-104	-97	
-124	-6	44	57	81	5	-88	-128	
-20	3	-19	-25	14	-57	-103	67	
54	-19	29	58	-54	17	79	127	
-1	104	-35	9	-75	46	127	35	
35	-7	56	-110	57	3	-51	62	
-84	16	3	-35	-116	-48	-84	-96	
21	-85	2	-62	80	-1	-82	21	
-80	-6	6	82	-59	23	-2	-14	
7	-31	-74	74	12	14	44	80	
27	-50	2	-99	65	44	86	-33	
8	-110	29	34	98	22	73	41	
38	-19	52	46	-62	-47	-114	-79	
17	-50	71	68	87	-18	-128	-128	
40	1	-15	17	-65	23	29	7	
-26	2	-15	-16	-30	-11	-66	25	
119	-123	-46	-45	62	100	70	127	
-40	-76	4	-92	-128	-91	-119	-78	
60	-43	40	67	61	121	127	107	
46	-24	-3	-82	-94	-122	-104	-128	
73	-51	36	77	127	-67	-70	-59	
-23	-50	2	-31	-102	23	7	101	
-52	34	-49	-6	98	-27	18	-114	
22	62	-12	65	-63	26	77	126	
-18	35	37	91	-66	-27	-14	127	
11	91	-68	-127	118	27	40	10	
103	113	-55	-79	38	27	0	118	
-76	-63	45	4	44	35	-75	-71	
25	32	-41	-8	72	-6	104	7	
29	86	56	94	-128	3	-60	119	
-108	-113	-8	-7	53	-17	-57	36	
-91	-13	-37	-54	-41	93	86	93	
-13	19	57	-108	106	-112	-128	-115	
-30	-31	20	68	50	0	28	-123	
127	-9	-18	28	-125	9	-120	65	
-48	29	-83	-17	-78	-52	-67	-126	
-103	-117	-28	-76	3	-32	121	127	
-20	-37	-11	-96	-18	40	72	-70	
44	102	89	102	-3	25	-104	19	
52	28	1	-22	10	27	-21	94	
-57	95	-31	30	13	-7	-98	-51	
84	37	31	49	127	43	83	95	
-101	-112	24	63	53	42	67	10	
24	-51	25	-15	-58	-60	-59	-66	
126	30	-26	52	-44	-21	-11	46	
-95	61	-37	-70	-104	-44	-90	0	
16	43	-11	-28	-117	77	-2	56	
-27	-85	-17	-15	-8	-73	127	127	
-22	88	7	-128	-111	19	-39	-107	
-46	-118	-21	48	-53	6	-9	-65	
34	16	-10	-111	-37	20	-77	-86	
26	-31	23	101	-31	52	31	54	
80	-14	61	102	125	38	-1	34	
56	45	16	-101	-40	7	22	44	
27	68	25	55	-104	-78	-78	-65	
43	33	11	101	127	72	77	68	
-86	28	34	113	33	23	-105	-78	
30	36	-15	-54	17	36	35	127	
20	-128	-53	-8	-87	-107	-77	37	
127	60	-16	5	-62	45	52	17	
-105	-59	-50	-43	-128	-45	-18	-4	
24	-53	17	-7	-30	6	-115	47	
-43	-72	54	-77	-9	10	65	12	
-35	30	-33	7	-4	-66	68	127	
-4	-128	46	-115	46	-47	4	-47	
-35	-28	62	-41	-24	-1	74	42	
57	44	-29	14	123	12	113	110	
-20	-86	-22	8	127	72	13	71	
78	77	22	38	-117	86	-34	16	
-32	-73	-63	111	127	-39	-120	-72	
-15	14	59	-28	-102	97	91	-56	
-76	6	54	106	-19	-82	35	-67	
13	88	-50	-128	-89	1	5	21	
49	-76	-46	35	-101	-29	126	-12	
-37	40	26	-102	41	44	-98	-38	
113	-3	-29	-33	-115	-101	-104	-22	
-40	-128	4	10	119	40	116	22	
43	49	85	-80	-128	75	-8	-70	
-90	-10	-70	125	127	-94	-38	64	
44	113	49	-25	22	72	3	3	
77	-44	-77	-25	-19	-4	87	127	
74	63	-17	57	127	24	-26	-40	
-83	-128	33	70	40	-33	-68	-128	
90	79	37	113	100	56	10	62	
-19	-27	34	-27	-4	27	-56	-72	
98	55	-46	-85	-123	-8	127	127	
-69	-95	-23	-128	-121	-56	-60	-118	
-49	-128	12	2	-15	8	-3	-44	
-15	91	0	99	-81	-33	127	127	
59	-110	-12	-68	115	31	-58	-43	
-24	-60	43	126	-128	-34	-86	-66	
-34	15	42	46	87	-12	43	-35	
46	-49	16	-70	23	89	21	42	
24	127	14	-14	-119	-29	-128	-67	
8	23	-40	-98	115	8	127	127	
23	3	-44	-128	-8	25	-6	4	
-45	-68	40	127	81	-4	58	-2	
39	-69	13	19	-40	-1	-45	-45	
127	-40	1	-49	-62	-13	68	23	
-14	-85	-8	-82	-128	-61	4	-35	
58	-82	-30	-24	82	61	-54	127	
-53	-88	-33	27	24	8	127	-27	
-75	45	48	-20	-57	-103	-37	-128	
-39	-12	13	23	105	24	-128	45	
78	56	-6	-83	-128	-92	59	43	
-106	-122	-17	83	110	34	127	-9	
96	56	53	86	71	1	-32	21	
-92	-96	26	-108	-62	15	-57	-22	
-18	-34	-41	52	79	10	-128	-77	
19	21	55	52	-46	22	-32	-60	
65	70	23	-30	-102	31	85	-3	
127	60	-75	17	-99	-5	-28	108	
-10	56	31	-113	-4	-33	-95	-128	
-113	-19	-107	-24	40	68	56	102	
73	40	-42	-87	-56	-30	-43	35	
-31	-8	49	-24	-17	-12	-90	-62	
127	92	64	-79	-49	-55	127	45	
-86	-29	18	83	-70	-114	-128	-87	
-35	-53	28	91	83	91	127	125	
108	-39	11	-23	22	-13	-21	-118	
-34	-45	24	-6	55	10	-27	77	
-57	-31	24	-98	-78	-1	-46	10	
68	4	-87	-88	-55	-17	64	-7	
-72	31	-41	127	42	-14	13	-12	
40	69	29	26	-90	51	29	-24	
83	-34	-20	-27	101	-48	54	127	
69	-77	-53	-30	-74	11	-82	12	
-34	62	50	-71	-20	-64	-91	-71	
42	22	-31	-5	-128	43	56	61	
35	-11	29	-54	40	-12	-55	62	
37	54	-41	-53	76	47	99	120	
66	-124	44	67	-53	-13	-92	-114	
12	-1	30	91	109	-28	-128	60	
114	58	9	-49	12	-18	-34	88	
-27	-32	9	76	57	37	89	25	
-30	47	-27	-33	35	-27	-30	-47	
-47	19	-7	114	-22	23	113	-113	
-86	40	-19	-76	-66	1	-26	58	
-13	-75	9	-37	-74	-15	-33	12	
57	-32	-31	-115	-29	6	26	-22	
-36	-79	-5	20	20	58	-117	-81	
-52	-14	25	21	-15	-52	86	58	
-19	40	8	33	-5	37	15	-116	
-24	-76	-3	22	-53	-63	6	125	
7	-55	11	52	71	55	100	94	
127	35	-18	-93	82	39	-98	-104	
-128	-56	60	127	58	-39	-71	-64	
35	79	34	70	-46	31	-12	44	
55	-3	-50	-73	-59	-61	33	45	
-27	53	10	-27	-76	-11	8	39	
-32	-21	-20	32	39	10	58	78	
-30	13	26	-20	78	8	-82	-83	
0	-10	6	-11	-36	-50	24	29	
23	-54	-6	27	-28	23	52	68	
54	-44	-27	-70	-15	-17	27	50	
-56	-24	0	-53	-12	11	-7	-10	
-87	-3	36	16	41	25	-72	-80	
-18	-33	-36	24	4	74	-46	-60	
24	55	53	36	-14	-89	-55	79	
11	12	-11	16	19	36	127	104	
26	-10	-38	-86	-22	-32	17	-21	
5	52	-32	12	-3	24	-19	6	
-52	16	57	-7	-18	6	-31	-14	
0	9	-17	-25	19	-5	40	-6	
-17	-21	28	12	26	1	-62	-30	
10	18	-85	26	17	-11	41	6	
32	11	95	-18	-10	-4	-8	-6	
2	0	-10	15	3	2	10	0	
4	2	6	-12	-15	4	8	-5	
-13	-14	-32	-2	-14	-6	19	-11	
13	-1	-1	-36	-4	11	-27	-21	
-12	44	-16	-4	-3	-2	-8	-17	
-26	-8	-20	31	16	23	8	44	
40	30	28	40	6	-68	-76	-26	
-14	8	56	-1	4	39	65	-10	
14	1	-23	-27	-13	-12	-27	9	
24	-9	-7	-9	-3	-6	-2	32	
-12	-7	51	-10	-2	-8	-26	-48	
-10	101	-11	18	-3	13	-42	-10	
-3	-28	27	5	14	15	53	29	
1	-12	-35	-25	-3	-15	-15	-15	
4	23	22	28	-3	16	22	14	
-4	-49	-37	15	7	-3	-16	-7	
-8	1	-1	-28	10	11	41	7	
1	0	-1	5	-6	-11	-32	-11	
-4	7	25	20	-8	11	33	11	
15	-3	-52	-1	10	-2	-2	-9	
-1	-11	-44	-26	2	-1	-6	5	
-1	-10	12	-8	-17	-2	0	2	
12	2	39	27	5	8	27	8	
-1	-8	7	10	-1	-7	-27	-14	
-8	-10	2	-27	5	0	-1	6	
2	18	20	13	-5	-2	9	3	
-8	-8	8	-12	-2	1	19	-1	
3	2	8	19	13	1	-25	-6	
20	6	36	44	11	15	16	7	
7	-5	-28	-36	-5	-3	-1	8	
-11	-17	-40	-35	-19	-18	-6	-8	
0	-7	44	-2	-5	1	-8	-4	
10	7	31	60	16	11	11	-3	
3	-3	-50	-62	-9	-17	-5	13	
1	2	14	12	-7	2	5	5	
1	4	-13	-14	4	1	-3	-4	
-6	4	5	10	1	5	14	11	
16	-9	-73	12	-4	-4	-6	-6	
-1	19	21	23	9	4	2	-1	
-11	-14	-23	-36	-6	-7	8	13	
-6	4	27	37	1	-4	-8	-28	
-8	-1	-36	3	3	4	-2	-5	
-5	-11	-9	-35	-8	-7	-1	-1	
4	8	-35	38	13	6	-3	-9	
-4	-3	31	-15	-1	4	2	7	
-20	10	18	-12	-7	-7	-4	-2	
2	4	-16	31	7	4	5	-2	
-5	-4	3	-12	-2	1	-8	-10	
-3	-3	1	-4	-3	-4	6	18	
7	-10	-7	-16	-6	-6	-1	-15	
-7	-6	-21	11	5	4	3	-4	
-4	2	17	-29	-1	-1	-3	2	
-4	-3	21	-16	-4	-1	2	4	
15	-9	10	-21	-6	-8	-3	-2	
-26	-2	15	11	6	5	1	-15	
11	-12	-29	-11	-3	-7	-1	35	
7	75	-20	34	4	1	-2	-37	
5	3	33	24	8	6	3	13	
2	-12	-27	-17	-7	-2	0	2	
-3	2	-13	12	-1	0	-3	-10	
-4	-16	6	-10	1	2	1	6	
-7	-2	-1	6	-2	-4	-8	-3	
6	10	6	-9	1	3	7	20	
-4	-9	13	3	-1	1	-6	-48	
3	-10	-58	15	-2	-2	-1	14	
-3	2	85	-20	4	2	1	-4	
-1	-28	-22	1	-11	-13	-9	-3	
5	-18	-9	-13	-3	-3	-4	5	
-6	-11	-26	12	-4	-1	2	9	
0	13	10	-14	9	6	3	-6	
6	6	45	9	4	3	4	9	
-4	-9	-48	-3	-8	-9	-5	-3	
2	2	-11	-12	0	-4	-1	-1	
-7	-2	23	37	4	2	0	6	
2	5	3	-21	-1	1	1	-6	
-5	9	-8	-5	-3	-4	-1	1	
-4	-17	-7	-18	0	-2	-2	0	
0	-1	-8	30	1	1	0	-2	
1	-3	-5	-12	0	-3	0	-1	
2	5	1	27	2	3	0	-2	
-4	-7	15	-47	-4	-2	-2	4	
7	4	-30	6	-1	-3	-1	-1	
0	-1	32	13	1	5	-3	-2	
-5	-6	-9	14	-2	-3	-2	-2	
