0	0	1	1	-3	0	-1	0	
0	0	0	0	-2	-1	-1	-2	
-1	-1	0	-1	0	0	-2	-1	
0	0	-3	0	-1	-2	-1	-1	
-2	-1	-2	1	0	-1	0	-1	
-2	-1	-2	0	0	-1	-1	0	
0	-2	-1	-1	-3	-1	-2	0	
0	3	2	0	-1	1	0	-1	
-2	0	-1	-1	-1	-2	-1	-4	
-2	-2	-2	-3	0	1	-1	-1	
-3	-2	-2	0	1	0	-1	-3	
0	1	-2	-2	-3	-2	-1	0	
-3	-1	0	0	0	-1	0	-3	
0	-2	0	-3	-1	1	0	1	
-2	2	2	-1	0	1	0	0	
0	0	0	-1	1	-2	-2	-3	
0	-5	-3	1	0	0	-1	0	
1	-2	0	0	-4	-1	0	1	
-1	-1	2	1	-1	1	-1	0	
0	1	0	-2	-1	-2	-1	0	
-1	2	-2	-1	-1	-1	0	-1	
1	-11	-1	-1	0	-1	-1	-1	
-4	0	-1	-1	-1	-1	-1	-1	
-2	-2	-1	-1	0	-1	-2	-2	
2	1	-1	-2	0	-1	1	2	
-1	0	0	-1	0	-1	0	0	
-1	-5	-3	0	-1	0	-2	-1	
0	-1	2	0	1	0	0	-1	
0	-1	-2	-2	-1	0	0	1	
2	3	0	-1	0	3	-2	0	
5	-1	-1	1	1	-1	1	1	
-8	3	2	-3	0	0	-2	-5	
-11	-6	0	-1	-1	-2	-2	-3	
8	0	-1	-3	-2	-4	-1	0	
8	19	0	0	0	-1	1	4	
-14	-5	-3	-2	-2	-1	-1	-1	
-3	-2	1	-2	0	0	-2	-4	
-1	0	-1	1	0	-1	-1	-1	
4	-2	0	-1	0	-2	0	1	
7	4	-4	-2	-2	-2	-1	3	
3	-3	-1	-3	-1	1	1	1	
-2	-3	-1	0	1	0	0	0	
-3	7	-1	-2	-1	-1	-1	1	
5	-5	1	1	0	0	0	0	
-2	-1	2	1	0	-2	-1	-2	
4	7	-2	0	0	0	1	-2	
-5	-3	0	-2	-1	0	0	-1	
-3	-1	0	-2	-1	-1	0	-3	
1	-1	-1	0	-1	-1	0	2	
-5	-2	2	-2	-2	-1	1	-2	
7	-15	-1	0	-2	0	-1	-3	
12	-5	0	-2	-1	-2	1	1	
5	-10	0	1	-1	-1	0	-1	
-22	66	1	4	2	1	1	-1	
-15	-10	-4	-3	-3	-1	-3	-3	
29	6	-2	-2	-1	0	-2	2	
-10	-6	-4	-2	0	0	-2	1	
20	-33	-2	1	0	0	-1	-3	
-38	2	3	-3	-2	-2	0	-3	
4	8	3	1	1	0	2	2	
-3	8	1	2	-1	-2	-1	1	
18	-4	1	1	1	0	-1	0	
6	-4	-1	-1	2	0	-2	-4	
-5	-14	-1	3	-1	-2	-2	-3	
0	9	1	0	2	0	2	1	
-17	-6	-3	-9	-3	-1	-2	-1	
14	-13	-17	-5	-3	-2	0	0	
-10	-1	2	1	1	2	-1	-3	
-3	-4	-3	2	1	-1	-1	-3	
-8	-16	0	-2	-2	-2	0	-1	
7	-14	4	-3	1	-1	0	0	
-5	6	-3	-2	-3	0	-1	1	
6	17	2	4	1	2	-2	0	
19	-2	0	0	0	-2	0	-1	
-4	-23	3	1	0	-1	-1	0	
13	3	2	0	-1	-1	0	-1	
-15	-4	2	-4	-2	-2	-1	-1	
-1	-1	-2	1	0	-1	-1	0	
-1	3	1	4	-1	-1	-1	-1	
1	1	0	0	-2	-3	0	1	
33	26	6	-3	-5	-2	0	2	
-30	-1	3	21	-2	2	1	-2	
7	-38	-36	-59	0	-3	-2	-4	
-19	61	0	10	-8	0	1	3	
0	-1	-4	-9	8	-3	-5	-11	
-7	0	-8	-1	-5	-5	-4	-2	
-17	18	20	14	1	3	-1	0	
4	-31	7	11	-3	0	1	5	
37	50	-1	1	3	2	4	9	
6	5	3	1	-8	1	-2	-2	
8	14	50	2	10	-3	-2	-6	
-12	-21	-84	-3	0	-5	-21	-6	
-4	-26	37	11	6	5	35	6	
-32	-21	-45	12	-8	-3	-19	-3	
7	35	33	0	-4	0	-17	6	
-1	-2	-6	19	5	3	28	-3	
1	-10	2	-38	-2	2	8	-3	
-4	-34	-43	-22	-7	-2	-2	-10	
18	73	22	31	21	11	19	20	
-22	-32	73	31	2	-10	-26	-9	
-47	73	-56	0	-44	-16	-44	-10	
50	-26	-35	-58	13	12	2	-3	
-68	-35	16	13	24	1	20	-11	
8	-10	43	-42	21	6	-64	3	
19	-19	-67	34	-6	20	104	-18	
6	-32	27	-55	13	-21	-43	-13	
69	-25	-45	7	-10	3	42	36	
-19	-41	74	-56	-59	-10	5	-3	
-23	49	-13	26	-13	-10	-70	-12	
-23	71	65	36	-9	0	-8	2	
41	-60	-80	-19	1	-24	20	11	
-18	17	87	36	-95	6	35	8	
-17	-31	-58	-73	79	-30	-45	-10	
-48	61	116	30	37	52	39	4	
-39	-38	118	-14	-10	10	-24	-27	
-4	-8	-38	56	109	-15	21	-6	
9	-30	-15	59	-103	42	8	-14	
-20	93	-65	-115	-66	-96	22	4	
-24	43	-16	18	70	-4	35	-21	
29	-34	-128	13	65	32	-21	7	
-31	-126	123	-1	65	-17	62	6	
1	89	70	71	-17	15	-103	20	
32	-35	-12	54	-128	-8	99	38	
4	-90	83	-111	10	38	66	-26	
25	-20	-95	39	-80	-17	-33	33	
-9	-128	-78	-92	82	-30	-61	-64	
-68	60	-16	5	-103	15	29	11	
29	-104	-10	41	127	25	-31	-18	
-32	35	28	16	-121	-51	122	43	
-16	-10	69	-16	61	-7	-5	-20	
41	-18	12	-15	122	65	-41	-6	
-66	97	-20	53	-39	-4	-2	-50	
34	121	-25	-6	83	17	-111	-17	
-11	24	-77	54	-128	-15	119	51	
1	51	-5	-69	3	9	70	-1	
10	85	56	75	-19	33	33	83	
14	-36	33	10	17	-62	4	-46	
14	40	6	-15	-46	65	-100	35	
19	20	-30	-116	85	-53	55	-17	
53	-77	52	9	-128	-13	-44	97	
-48	87	-69	-12	127	2	-111	-88	
-4	-21	117	56	100	19	-61	-41	
-10	-86	-67	35	-114	-1	-3	16	
10	-13	-79	-57	9	37	19	32	
6	-62	96	-22	3	1	38	73	
16	90	-32	-15	1	-39	-24	-35	
-11	-1	-7	113	70	42	18	5	
0	97	-25	-2	-24	-23	-38	17	
-1	-117	-10	-107	-9	19	22	-4	
0	-28	-49	-39	-48	40	-39	14	
38	-16	46	-11	-120	-39	-115	2	
-61	-37	43	-39	-41	-44	125	-105	
40	34	-63	45	-33	64	-91	62	
-13	-97	55	-54	3	-79	-23	-60	
22	-84	93	59	60	79	-92	-49	
-28	58	-60	-17	63	23	33	14	
-86	-121	-37	-27	127	17	55	9	
68	-121	3	22	-44	17	127	103	
22	32	54	92	-69	-4	45	3	
20	52	-62	-126	8	-41	-128	-35	
11	-40	50	81	23	8	127	32	
4	-88	31	59	-13	16	0	10	
-113	109	-78	25	32	-52	-15	-6	
35	40	-58	-47	-75	-22	-30	10	
-6	-89	8	-63	-124	-18	-26	-12	
42	84	-39	35	-4	12	3	46	
-3	-74	22	-128	-48	-11	-128	-9	
-73	-94	-46	55	13	-73	-15	-115	
-2	41	66	-28	-58	31	73	41	
91	-12	-4	-46	-4	40	127	15	
-46	63	-83	127	127	-13	-104	50	
-4	109	-62	35	-76	47	112	42	
58	-72	98	-96	-100	-14	-73	-40	
-11	69	-48	-62	91	13	-23	40	
-46	-128	-101	-34	-53	-27	-10	-73	
18	-31	76	110	54	-43	-128	-21	
36	114	-16	100	53	17	-32	-14	
39	-47	10	5	-115	-2	24	5	
-53	-50	-31	-128	-43	-10	22	-4	
7	-37	22	37	-24	-7	-4	13	
14	54	-29	89	6	28	56	16	
-8	-5	-69	25	-19	26	45	31	
34	97	1	-106	22	-12	17	-14	
11	-25	31	22	26	20	-50	-49	
-35	-34	26	64	-94	-9	45	48	
-22	-90	10	11	127	-13	-111	-59	
39	-24	-44	-40	27	30	127	51	
-99	48	51	34	79	-2	-100	-80	
108	11	-14	-27	61	24	69	38	
-25	-12	-46	-32	-128	-100	-23	-45	
9	-84	127	40	78	77	-103	22	
48	-128	46	23	50	4	-32	8	
-28	-25	-104	77	-43	0	-108	24	
21	43	-29	-79	-113	3	98	45	
3	81	55	64	-83	-21	27	28	
-33	58	5	28	-31	-15	-42	-38	
-18	-16	49	-114	-102	-7	-48	-28	
-12	-66	87	127	114	9	-44	-36	
51	12	-11	61	-111	0	37	64	
10	4	-20	33	93	40	51	67	
-4	-39	29	20	50	-6	-40	-33	
4	-33	84	-13	39	-7	70	-34	
35	13	38	2	-71	-6	22	-27	
45	-64	-1	10	30	24	33	31	
-2	107	-2	-70	17	-23	-99	-9	
-4	-42	-21	27	-45	-4	42	-55	
-2	-17	61	127	104	40	52	78	
43	-82	74	-106	-128	6	13	-11	
-3	-42	-20	-119	-65	-82	-77	34	
-45	-51	40	113	-3	37	-45	-89	
-39	-31	-20	-25	29	34	-113	-70	
7	-6	-7	-21	27	0	127	57	
-39	5	100	-74	58	25	89	49	
-51	3	-63	7	-83	-20	-128	-31	
66	63	88	-22	73	-24	-99	21	
2	-58	-45	82	81	25	80	34	
-16	-54	37	-21	59	22	-26	-23	
-33	30	46	-92	-65	4	79	46	
3	-77	-77	57	29	-41	-87	-54	
52	-29	75	42	15	9	62	59	
-11	32	-108	127	-28	-21	-2	-39	
-49	54	81	-65	-38	30	-98	14	
12	-97	49	-49	-31	-35	127	55	
36	108	34	-101	-128	7	5	15	
6	-66	-65	94	89	65	43	-18	
41	32	-9	12	-37	-58	-94	-55	
-66	47	-12	-68	-38	8	93	49	
-25	52	-42	5	-41	-3	-12	29	
61	-33	49	-4	60	48	-17	65	
10	-19	-93	120	43	17	32	8	
45	-38	28	-91	92	-30	-128	-79	
2	-29	18	118	-68	14	108	17	
-27	-87	-108	-123	-57	-28	-29	-28	
-42	-44	-5	66	-17	-21	127	49	
-3	-77	-17	105	-25	26	-32	-39	
36	36	60	-59	-11	9	-74	55	
-28	-41	-40	-29	2	-46	-2	-97	
17	59	4	2	-26	3	-71	-9	
9	40	-11	-21	7	16	106	37	
-25	-55	-62	-36	-40	-69	-128	-99	
42	6	-23	-53	16	22	125	-31	
33	63	80	51	11	33	121	120	
-55	12	20	-26	-10	-75	-36	-98	
-2	60	-102	22	16	74	-128	-61	
23	23	48	127	102	-35	76	12	
-115	-23	-74	-123	-65	7	-104	-66	
35	30	-8	117	85	-1	127	17	
15	-22	-56	58	62	-44	23	35	
-45	65	3	-58	-128	5	-128	-15	
93	64	41	44	32	25	117	84	
-91	30	-10	-118	-128	-31	-35	-56	
28	-128	-5	-57	-16	-36	-52	4	
-24	68	87	34	-20	49	127	20	
10	-128	-40	-89	3	-12	-39	22	
53	-48	-104	40	-16	10	-118	23	
-87	-119	-47	-120	-90	-21	106	-41	
8	18	127	127	-9	18	18	35	
24	-62	-55	-108	-40	-35	-88	-56	
5	84	-76	127	114	36	113	33	
43	119	0	-128	93	57	-112	-31	
-45	-89	23	87	-27	-17	-127	-30	
31	109	116	96	-33	15	109	56	
-35	56	-43	-62	-128	-43	-128	-1	
1	-97	127	21	41	4	-20	19	
-9	-54	8	-1	25	-14	-113	-86	
-11	-121	-23	68	39	23	73	48	
29	-103	101	-117	-89	-1	95	-20	
-16	-39	-40	81	-50	-34	-20	69	
-23	3	-93	-128	-14	9	79	-5	
22	-37	59	57	59	-20	-95	1	
-24	-42	-31	-32	-43	8	-77	-73	
-17	12	15	58	54	-12	-97	-29	
15	-25	-53	-78	-128	4	102	20	
-31	-47	-17	78	127	-26	-100	-41	
65	49	-9	18	112	75	127	104	
-22	88	-59	-8	-97	-7	28	-69	
11	40	63	27	90	-7	-99	-30	
8	72	-66	-102	-128	14	-46	24	
-40	-127	35	127	59	38	-10	-34	
40	48	-2	-16	-30	-93	127	112	
48	-13	28	12	-62	-4	-11	-61	
-31	-97	-51	-81	-28	-10	-121	-35	
31	-5	8	10	22	-7	50	67	
-57	4	-82	-59	-46	30	102	-27	
30	32	87	27	-13	-34	-16	94	
52	44	-17	-13	111	12	-26	13	
-64	78	-60	-102	-127	-18	-123	-73	
1	-46	30	59	52	-22	-44	-38	
-5	39	-128	-50	-3	35	2	57	
-46	-46	48	-34	112	18	88	-33	
16	-11	41	81	45	-3	-3	79	
40	-48	10	-50	91	42	-56	40	
-24	-42	-6	-8	-70	-20	54	-118	
53	8	93	40	-58	19	127	77	
-39	85	-41	-112	-59	9	-100	-58	
43	35	14	22	-43	-39	-80	36	
-78	-15	-104	6	8	0	-41	0	
37	79	50	-46	-45	-60	127	-39	
-11	-19	6	7	1	-12	-67	-10	
46	58	2	46	24	35	-128	28	
-25	-81	-24	-27	-8	-10	42	-59	
-3	28	-18	-57	-30	16	-68	-29	
39	25	-9	67	-4	21	39	52	
19	-41	40	-79	82	23	74	2	
-34	108	44	8	5	1	-48	48	
-104	-12	2	77	20	20	-86	-69	
81	-28	45	75	67	-8	76	64	
-75	-101	9	-97	-66	19	-48	-59	
13	57	66	92	56	-23	94	38	
-17	-5	34	44	-35	10	-48	19	
68	28	-22	-39	-45	2	38	-51	
16	-33	-44	28	-36	-57	18	69	
18	-36	101	-47	-11	64	55	-32	
23	-45	-86	-1	16	7	58	78	
-46	-59	6	3	-4	-23	118	-16	
-5	-30	-68	-56	-20	-36	-28	-123	
42	-31	41	11	2	58	58	38	
-41	5	-26	-24	10	58	-18	82	
30	1	35	59	34	55	23	-12	
15	-15	117	-62	-49	-14	-74	50	
-12	-50	-34	49	27	-42	-128	-73	
15	-41	12	-12	5	15	-88	-6	
-56	-44	-38	-23	-16	-37	-49	-73	
-55	22	68	76	13	86	79	38	
53	-26	-57	-56	-20	-91	109	73	
35	24	5	22	9	28	120	-36	
-37	27	51	-21	-4	30	-95	-9	
34	23	-12	4	-1	64	34	6	
-55	-1	-54	28	11	21	-87	17	
-15	-23	-46	-18	-3	-6	-4	-39	
-4	46	-12	-17	-6	-21	-32	21	
-26	10	-6	35	1	-13	36	-20	
15	-14	38	-7	7	-4	-19	20	
-4	-2	-98	12	-7	-36	-57	-24	
4	-38	-4	-46	-19	-10	-26	-2	
-16	-4	-33	20	-4	-13	71	-9	
-16	81	7	-28	0	1	-15	-8	
21	15	20	27	14	-1	-5	-4	
-3	-31	25	-18	3	-25	-33	4	
-15	-24	-19	7	-5	-3	43	-9	
21	-29	-36	3	-2	-3	-23	13	
-5	3	26	19	4	-13	-1	3	
-6	36	-2	-28	-8	-16	-15	-17	
-11	-3	25	2	1	-6	0	-11	
12	-12	13	15	7	9	-3	5	
-7	19	-11	-3	-8	-11	-4	-5	
-1	-26	25	0	1	-5	-2	3	
-6	17	11	19	10	8	4	-7	
17	-12	-7	-23	-7	-6	-41	-6	
-6	-18	15	-7	0	-4	32	-12	
4	-14	2	0	-1	-5	-6	10	
-8	14	8	20	-5	-12	3	-10	
0	19	10	-26	-4	7	-3	8	
-4	11	-19	2	4	6	-20	-8	
4	-16	6	4	2	-6	8	0	
-1	16	5	7	-1	-4	-1	-4	
-8	-68	-11	7	0	2	9	-9	
8	19	1	0	0	-4	-11	9	
-4	-2	1	-10	-1	0	7	6	
0	3	-22	-6	-1	1	-12	-8	
-2	-10	11	16	0	-4	-21	-6	
11	-2	6	-18	-4	-5	29	4	
-5	3	-9	3	0	5	-13	-3	
-26	-3	-5	-12	-4	-6	11	-7	
13	5	1	8	3	5	1	7	
-13	9	8	7	1	-5	-13	-10	
3	0	-18	-10	1	1	-6	3	
0	7	9	-3	-5	4	-1	-5	
0	1	-10	0	0	-1	9	7	
5	-9	-5	0	0	-2	-12	-7	
4	4	-12	0	-3	-3	0	1	
-6	4	-3	-6	0	3	-1	-5	
2	7	3	7	-2	-4	3	7	
-3	-3	8	2	1	1	-3	-2	
-3	-7	2	0	0	0	-6	-1	
8	-61	-13	-3	-2	0	1	4	
-7	-29	-6	-2	0	0	4	-1	
-1	9	0	7	0	-3	-9	-4	
-1	-7	4	-15	-4	-1	5	2	
-1	-2	-9	3	1	-1	-7	-3	
0	-7	3	2	0	-1	8	1	
-2	-5	4	0	1	-2	-10	-6	
-1	-19	2	2	2	-2	-1	0	
1	15	-5	0	-3	0	4	-2	
-6	15	21	-5	-1	0	0	1	
-5	20	2	3	0	-1	0	-3	
0	5	6	-12	-3	0	0	1	
0	7	-2	-6	-1	0	-2	-2	
-5	17	-10	0	1	0	1	-2	
0	-10	1	22	2	2	-2	-2	
3	-12	10	-14	-1	-1	-1	2	
-11	10	-10	0	-1	0	1	-6	
4	-2	-1	4	-1	-3	-2	2	
-5	-4	5	3	3	-1	-3	-6	
2	1	-6	10	-1	3	11	3	
2	8	-8	-4	-1	-4	-1	-3	
-1	11	-1	-2	-2	-1	5	1	
0	-7	12	-10	-1	-1	-25	-2	
-7	3	0	8	0	0	0	-1	
7	7	3	1	-3	0	0	0	
