3	-1	-3	-2	-3	-3	0	0	
0	0	0	-2	1	1	0	0	
-2	-4	-2	1	3	-1	1	0	
-1	0	0	-1	-2	-1	-1	-1	
0	1	0	0	-1	-1	1	-1	
-1	0	0	-1	-1	0	-1	0	
0	-1	-2	0	-1	-1	-3	0	
0	-1	0	-1	-1	-2	-2	-1	
0	-2	-2	0	0	0	1	-4	
0	0	-1	0	-2	1	0	-1	
0	0	-1	0	0	0	0	1	
0	0	0	-1	-1	0	-1	1	
-1	0	-1	-1	0	-1	-2	0	
0	0	-1	-2	0	1	0	-1	
0	1	0	0	-4	-1	0	-1	
-2	0	-3	0	-2	-1	-2	-1	
-1	0	0	-1	0	0	-1	1	
0	-2	-1	0	0	-3	-2	0	
-1	0	0	-1	-2	-1	1	1	
1	-1	-2	0	0	-1	-1	-1	
0	1	1	-2	-2	-3	-3	0	
0	-1	-1	0	0	-1	0	0	
0	0	-1	-2	-2	-2	-1	0	
-1	-1	0	-2	-1	-2	0	-1	
0	-2	0	-1	-1	1	-1	-2	
-1	-2	-1	-1	-1	-1	1	0	
2	1	-2	-3	-1	0	1	0	
-2	-1	-1	-1	-1	0	-1	0	
-1	-1	-1	0	0	0	0	1	
1	0	-1	-3	-2	-3	-1	-1	
-1	-1	-2	-1	-2	0	0	-1	
-3	-2	-1	-1	-2	-3	-1	0	
-2	0	-1	0	-1	1	1	-1	
0	-2	-1	-1	1	0	0	-1	
1	1	0	-1	-1	-3	-1	0	
-2	-3	-1	-1	0	1	2	-1	
-1	0	-1	0	-2	-3	-2	1	
-4	-2	-2	0	0	0	-1	0	
-1	-1	-1	0	0	0	-1	-1	
2	2	0	-1	0	0	-1	1	
0	2	3	0	-1	0	-1	-1	
-3	-3	-3	0	0	1	-1	-1	
-2	-2	-1	-1	2	0	-2	-2	
-1	-2	0	0	-2	0	-2	-1	
1	-1	-3	-1	1	-2	0	-1	
1	1	-5	-2	-1	-4	-2	-1	
-1	0	0	-1	-1	0	-2	0	
0	1	0	1	0	-2	1	-1	
0	-1	3	-1	-1	-1	-1	-1	
0	0	-2	-2	-3	-1	0	-1	
-1	-1	-4	-1	-2	0	-2	-1	
1	0	1	-3	-1	-1	-2	0	
-3	0	2	4	1	1	-1	-1	
0	2	6	0	-1	-1	-2	-1	
-4	-4	-1	-1	0	2	1	-2	
-1	-2	-23	-5	-2	-2	0	-1	
-1	2	16	0	0	1	0	0	
-1	2	8	5	0	0	-3	-2	
-2	-3	-5	-1	0	-1	-1	-1	
3	5	4	3	3	0	1	1	
-2	-11	-28	-9	-3	-3	-3	1	
-2	2	-4	2	-3	-2	-2	-5	
-4	-9	16	-2	-2	2	0	-1	
-2	-1	-7	-1	0	-1	1	-5	
2	5	9	9	12	6	17	36	
-4	10	27	-4	-12	-8	-18	-32	
-18	-11	-37	-26	-4	-4	-6	-22	
21	-3	-9	-9	-5	-2	0	36	
-19	-2	40	6	-7	-2	-5	-34	
26	-4	-56	-8	1	2	9	14	
0	21	67	23	2	-3	-6	0	
0	-15	4	-26	-4	1	-2	7	
-12	-2	-7	-7	0	0	-3	-24	
-6	-4	13	9	4	1	4	4	
4	3	7	15	4	-1	-1	-1	
7	14	-37	9	8	1	2	10	
-6	-17	-18	-14	-5	-4	-7	-21	
-5	-4	12	1	2	1	2	3	
5	8	23	-4	-2	0	-1	3	
-9	1	23	27	5	2	-1	-5	
5	-7	-48	1	-4	-4	-4	6	
-5	-9	-20	-36	-7	-3	-2	5	
-2	9	21	21	12	1	2	-9	
-16	-24	-66	-19	-12	-4	-5	-46	
38	-1	-19	-39	-25	-12	-9	29	
-4	7	37	23	4	-1	-3	-1	
20	-4	-4	29	7	3	12	40	
-52	20	52	9	10	6	6	-22	
5	-18	-41	-38	-10	-6	-19	-43	
0	-4	-11	5	0	1	2	9	
-4	-4	-41	-20	-8	-5	-9	-10	
9	16	62	23	9	3	8	25	
-3	-8	-8	38	18	8	10	17	
-13	-4	-70	-42	-10	-3	-6	-13	
0	-1	91	19	3	3	7	5	
13	-16	-61	12	10	3	1	0	
-9	6	5	0	-11	-3	-1	-9	
7	10	-22	-22	-6	-5	-5	-3	
-2	-25	-128	2	-1	-2	-2	1	
5	6	33	-18	-6	-3	-3	-2	
9	4	-21	20	14	9	10	50	
-19	8	22	37	3	-3	-13	-75	
3	6	26	-23	-17	-4	-1	2	
-2	-1	19	-18	1	-2	-8	-8	
4	19	27	30	21	10	15	21	
-23	-33	21	-5	-16	-6	-1	10	
-8	17	48	-18	-7	-6	-14	-23	
5	-6	-65	-19	-13	-8	-6	0	
2	6	36	25	8	5	1	-7	
6	13	-15	4	12	5	14	34	
8	6	18	3	10	9	38	77	
-32	3	56	3	-11	-8	-41	-98	
-34	-21	-75	8	1	0	2	20	
16	18	52	19	13	6	1	10	
-24	-17	-61	7	10	7	-1	0	
34	-1	48	-25	3	11	29	20	
34	12	27	-66	-36	-15	-15	-23	
-2	-6	-39	-11	-2	-5	-14	-28	
-4	-2	-31	-18	0	0	-5	-19	
2	-10	4	18	2	2	13	51	
-21	5	-57	-17	8	-6	-20	-61	
7	-8	65	-34	-25	-2	16	31	
12	2	-46	10	-20	-8	-9	-1	
5	-2	82	64	25	-1	-2	2	
-7	-3	33	-24	-5	-1	2	14	
-13	8	-105	-11	11	-2	-6	-22	
0	-31	-80	-39	1	5	3	-8	
1	35	66	-1	-16	-5	-3	16	
-7	-8	43	42	3	1	4	-16	
-9	-19	50	21	-4	1	-2	19	
57	38	19	-21	4	11	28	73	
-45	-44	-117	-82	-29	-17	-28	-74	
-44	-5	19	48	18	3	-5	-15	
15	-4	-12	51	20	8	5	6	
-27	-7	29	34	5	-4	2	37	
46	16	23	-12	-4	1	4	5	
13	11	47	9	-7	-7	-3	-10	
-6	4	55	30	17	6	2	4	
-21	-25	23	17	15	0	-13	-51	
17	14	-67	-29	-4	1	13	42	
-3	-22	-65	2	9	1	2	-5	
9	39	74	-19	-10	-2	-2	-13	
-10	-27	78	11	9	-6	-3	13	
-22	-26	-102	-42	-31	-13	-13	-28	
19	4	-36	14	-14	-3	-7	-7	
10	3	17	-55	5	2	6	19	
-15	1	-35	1	-13	-11	-8	-22	
-7	35	78	61	23	9	15	57	
7	-6	-67	-26	7	4	-9	-59	
-14	-6	37	-20	-17	-7	5	43	
-23	19	116	-12	-7	4	-11	-108	
33	-13	16	13	9	3	11	65	
2	26	21	8	7	12	35	34	
48	-16	-67	13	-3	-9	-29	-18	
-17	-5	-128	-26	-8	-5	-8	-24	
3	4	12	5	5	-3	-4	24	
-23	-8	14	-25	-19	-6	-3	-15	
-33	-32	-67	29	-2	-4	-5	-11	
25	7	-16	-9	7	8	7	44	
-5	37	-39	35	8	12	5	-16	
1	-12	-30	-60	2	-1	2	33	
-19	7	44	36	-9	-9	-3	-13	
25	22	-34	-25	-9	2	-2	16	
2	-8	-10	8	23	11	5	-20	
-5	-2	61	10	-6	-4	-5	12	
17	18	-10	5	10	2	4	15	
-19	-26	48	-12	-18	-8	-4	2	
-15	-21	-95	-17	-11	-5	-15	-44	
-5	13	56	19	0	5	10	40	
18	19	-63	-19	15	9	15	0	
-49	4	-23	45	-21	-16	-14	7	
35	1	75	-72	-28	-14	-24	-30	
-29	-30	-33	23	-4	-4	2	-14	
5	-3	-95	4	-5	4	24	76	
41	20	78	66	21	0	-8	11	
-49	-51	-115	-82	1	4	-5	-56	
1	22	21	53	5	-5	-10	12	
-11	-13	64	21	5	3	3	-1	
-14	-35	-69	-3	14	13	14	-8	
21	35	122	54	-19	-6	3	24	
14	9	-48	-34	13	11	6	-5	
2	-16	-120	-21	-9	2	0	4	
13	2	-59	17	15	-1	-5	-8	
-15	7	105	-5	16	9	33	77	
7	54	-29	-16	-13	-15	-39	-94	
35	-40	-40	-39	-2	-2	-6	39	
6	9	60	-21	-10	-4	-8	-13	
3	-12	-45	66	22	5	8	34	
-21	-22	-36	-17	-4	3	14	3	
-28	9	122	35	1	-2	-10	-3	
29	16	-53	-20	6	-1	-6	-25	
-26	-22	-17	14	-8	1	0	-59	
15	44	127	33	26	13	22	43	
-44	-41	-64	-52	-25	-9	-27	-63	
8	-26	-10	-29	-7	-10	-7	24	
25	57	100	37	-22	-7	-8	4	
10	-2	-14	-47	21	8	1	6	
-7	29	15	5	2	1	16	-8	
-1	-9	33	-3	-4	2	5	21	
25	-5	-103	-12	6	-2	-16	-54	
4	-22	3	31	-16	-2	2	25	
-9	1	19	-42	9	3	0	-16	
14	45	16	-23	-22	-6	0	7	
-12	-62	-86	15	13	4	4	18	
-8	-2	53	-15	-4	-11	-9	-4	
8	27	60	-4	-6	8	8	-13	
3	-27	-37	28	-2	-6	1	13	
-6	36	-53	-38	4	2	16	31	
70	-69	-112	-39	-25	-16	-23	-2	
4	16	68	39	-17	-10	-18	-42	
-12	-1	-26	-6	16	10	13	13	
-52	-14	14	24	26	8	2	-20	
-7	-17	1	-9	-26	-14	-9	24	
32	21	0	22	10	-2	5	-8	
-48	3	53	42	18	13	29	59	
35	1	-66	-45	2	-7	-33	-78	
38	2	-107	-28	5	-2	3	88	
-36	-22	88	27	3	2	-4	-76	
42	33	10	-33	-35	-7	-7	18	
-38	-17	34	8	2	9	21	30	
-14	24	39	56	25	6	1	-20	
8	38	68	9	-3	-8	2	28	
-28	-63	-111	-27	26	5	0	-27	
8	14	86	-8	-10	-9	-8	2	
1	17	-3	7	-24	-6	-7	-33	
-4	-27	-56	36	10	9	15	50	
10	17	13	-21	10	8	16	30	
13	20	15	25	-8	-10	-40	-85	
-52	-11	2	-5	1	4	12	12	
-3	-2	35	32	-11	-3	-5	-27	
14	-5	-56	-45	-9	-3	-11	1	
-22	-4	-51	-13	-8	2	27	91	
57	18	56	61	-1	-2	0	15	
-2	-22	-128	-55	-12	-2	-19	-69	
-6	-7	25	-19	-8	-7	-13	-41	
39	8	4	-52	14	6	22	93	
-42	14	-55	30	-37	-8	-3	-53	
-7	-42	78	-22	3	-2	2	63	
8	-2	27	42	-10	-1	-4	-28	
-12	-15	-55	30	-7	-9	-3	32	
-10	7	-15	-74	8	6	-3	-24	
0	15	-46	26	15	-4	-1	4	
-30	-29	95	20	2	-4	-5	-29	
-3	2	41	51	12	11	31	80	
19	-18	5	-59	10	-3	-16	-25	
-15	-12	-60	29	-18	-8	-17	-27	
5	28	-45	-49	7	2	-10	-30	
25	18	38	59	-16	-16	-15	11	
3	-12	4	17	8	15	35	77	
-31	67	36	-68	23	11	1	-48	
23	8	-34	47	-1	-13	-16	-16	
-13	-8	-25	-33	-33	-5	-4	-41	
-18	12	8	-12	14	2	-5	-22	
11	-25	-68	45	29	11	12	57	
13	40	74	22	0	9	6	-12	
-6	-14	-48	-20	4	-5	-28	-92	
3	5	39	12	14	-2	7	43	
12	-8	-19	-11	-17	-5	-1	2	
-9	2	-61	-13	-7	-4	1	16	
-22	-25	51	-25	-12	2	10	28	
36	3	-17	62	-18	-12	-8	11	
-21	-17	8	-26	2	3	-4	-43	
1	0	-64	-6	8	5	0	-23	
12	41	103	58	4	-8	-18	-22	
-25	-12	7	-6	22	18	20	23	
39	52	-5	45	13	-1	-7	23	
-12	-20	79	-8	-10	-5	-2	-5	
-41	7	-56	-42	-3	5	10	-45	
56	-30	-25	19	8	-4	-8	32	
21	35	-55	-29	-3	4	20	38	
-9	12	19	17	8	1	-4	-8	
-22	6	83	16	28	14	10	-46	
-44	-42	-3	-42	-36	-22	-26	-39	
50	2	-39	-32	-15	-5	4	53	
-9	-32	-53	89	28	4	-8	-12	
-7	-4	-48	-83	-3	4	14	53	
-9	5	-25	13	-20	3	1	-51	
-15	6	72	0	-1	-4	-12	-26	
-12	-7	-7	34	10	-4	10	48	
82	41	43	33	-12	-3	6	9	
-88	-28	41	-46	-3	-12	-27	-78	
-17	-24	-99	-23	-16	-4	-6	12	
8	5	11	35	19	11	9	-5	
-35	-36	-50	-5	-40	-19	-11	-29	
47	48	23	-21	16	7	7	28	
-14	-30	59	2	-18	-12	1	22	
17	-18	-89	-6	12	3	-2	-32	
-14	-37	-71	-35	-6	-8	-18	-1	
-70	23	9	49	14	8	19	5	
70	7	-21	23	3	-8	-12	16	
10	6	19	-60	-60	-14	-10	4	
3	-15	-18	-26	-2	-7	-14	-10	
-11	-44	0	21	20	7	1	-14	
-11	-5	6	28	-13	9	27	93	
-48	23	93	5	4	4	-10	-82	
6	-9	-92	-30	-18	1	-1	21	
-11	-2	-26	-26	12	-3	-4	21	
0	14	47	-57	-19	-8	-8	-47	
31	32	50	26	9	2	8	48	
-3	15	13	56	8	0	-3	-4	
-4	-24	-55	0	21	10	16	13	
34	16	14	14	8	1	-10	-29	
-60	-11	-8	-12	11	10	34	33	
53	77	82	0	19	-4	-33	-37	
9	-55	-75	8	-3	4	8	85	
-23	3	103	19	1	-5	-13	-71	
-26	-34	-43	-45	-24	-14	-14	-20	
-15	-23	-4	18	22	10	25	64	
26	83	74	78	-14	-1	-11	-102	
-34	-72	-110	-69	10	9	2	18	
18	-7	23	-5	-26	-15	-10	3	
12	-9	19	35	1	2	2	13	
3	25	63	36	11	3	0	21	
-40	-59	-113	-16	-15	-7	8	2	
46	68	103	30	15	10	5	49	
-2	-87	-115	-52	9	6	4	-35	
-61	-29	74	-29	-18	-13	-17	-89	
42	3	-62	8	-3	-3	-5	17	
-17	22	-13	-19	5	-1	-6	-8	
-6	-71	-68	50	8	2	7	36	
27	11	-39	-67	-35	-13	-7	-16	
-1	25	78	-17	9	6	7	20	
-15	-25	3	40	9	-2	-8	-24	
5	54	94	34	22	12	22	69	
35	-4	-108	-29	-10	-5	-16	-30	
-41	7	49	34	24	10	8	-7	
44	14	-55	-68	-42	-9	13	66	
-22	15	94	19	-10	-9	-29	-101	
18	14	6	-3	22	6	14	54	
8	78	-26	85	9	-6	-4	-18	
-22	-115	11	-67	2	0	-8	-21	
1	1	-20	11	1	1	6	12	
2	18	-9	-28	-8	0	4	12	
4	24	93	0	25	6	0	2	
-11	22	-2	75	2	1	7	-12	
-14	-13	-47	-53	3	-3	-6	-2	
55	-30	-9	-51	-52	-22	-23	-12	
-21	-11	-21	14	-3	4	17	16	
27	0	-18	1	3	-4	-17	-36	
-8	-6	-38	-7	-18	-6	6	36	
-5	35	74	10	20	10	2	-17	
-13	-3	-24	-30	7	0	1	12	
-8	-17	-89	-7	-20	-13	-15	-20	
-16	23	13	-18	1	3	-1	-23	
-4	1	94	45	18	4	10	38	
25	-18	-24	-38	-22	-12	-5	22	
-2	-5	-28	1	7	7	1	1	
-9	-4	-9	-2	9	-7	-17	-32	
-12	23	1	12	1	6	7	-27	
-2	-24	-10	-9	-13	-6	-7	-17	
5	32	19	3	19	3	7	31	
15	-6	6	4	-12	-3	1	13	
-5	-12	-21	-10	-5	1	1	11	
-12	2	-3	5	8	4	1	-16	
6	-1	-12	-22	-7	-3	-3	-2	
1	11	35	23	5	5	7	4	
-12	-7	-27	-5	1	-5	-4	4	
1	-4	1	-6	-4	0	-3	-8	
-2	12	28	8	4	-2	2	13	
1	-13	-4	-6	-9	-4	-2	-6	
-1	2	-7	6	5	1	2	17	
-1	-12	3	1	-2	-1	-3	-8	
-1	4	8	-11	-5	-3	-2	-8	
0	7	-2	2	0	-1	2	1	
2	-9	-18	3	1	0	1	6	
-5	1	17	7	2	3	-1	-6	
-3	6	0	-6	0	1	-1	-3	
5	5	-2	1	0	1	0	2	
1	-4	5	7	3	1	3	12	
-1	-6	0	0	-4	-3	-4	-8	
0	3	5	-3	2	0	-2	3	
2	-6	0	1	-2	-3	-2	0	
-2	-6	-4	-4	-1	-1	1	4	
-3	2	-2	3	1	0	0	-5	
1	0	-5	-5	-2	-2	-2	-1	
-1	7	10	6	2	-1	1	1	
-2	0	-3	2	-1	-5	-1	2	
0	-2	-1	0	1	4	-2	0	
-1	0	4	4	1	1	0	4	
2	-1	0	-1	-4	-1	-1	-3	
-2	0	-2	1	2	0	3	4	
1	-1	2	0	-2	-1	3	-3	
-1	-4	-2	-4	-1	-2	-6	-3	
-1	2	-2	0	-2	-4	-8	-4	
0	-4	-5	-2	0	-1	-2	0	
-1	4	3	2	3	0	0	0	
-2	0	1	-3	-2	2	5	-1	
1	2	0	0	1	-2	0	-1	
-2	-1	1	2	1	0	-2	2	
1	-1	1	-2	0	-1	-1	-2	
0	0	0	1	-1	-3	0	2	
-2	-2	1	0	-1	1	0	1	
-1	1	-3	-1	-2	-2	-2	-2	
-3	-3	-1	0	0	-1	-2	-1	
0	0	-1	-4	-2	0	0	-1	
0	1	1	-2	-1	0	2	2	
-1	5	-1	1	2	0	0	1	
-2	-8	-4	-1	-1	-1	-3	0	
0	3	3	1	0	1	-1	-1	
2	-1	-3	0	-2	1	2	0	
