-3	-9	-26	-5	-3	-8	-1	-2	
2	-1	-35	-1	6	19	3	3	
-2	7	54	1	-2	-2	-2	-2	
3	0	10	1	2	1	0	3	
-4	-4	-19	-13	2	5	1	-2	
0	-2	-25	-2	-1	-8	0	-1	
1	0	-13	-3	-3	-7	-2	0	
-2	-2	4	-11	-1	5	-3	4	
-3	-1	10	8	-1	-1	1	-11	
-4	-4	-23	-10	-5	-5	-3	-4	
3	12	29	21	5	1	-1	2	
-4	-14	-52	-28	0	-3	-1	-3	
3	6	15	-13	-12	-7	-5	3	
1	-1	65	-11	3	6	6	4	
-10	-12	-13	8	-14	-8	-7	-18	
5	-7	-72	-8	2	2	1	6	
-2	7	23	12	5	0	-3	0	
0	-5	-5	11	3	1	-2	0	
4	6	-5	-9	-1	-9	3	31	
-10	-6	24	12	-2	-12	-7	-35	
1	-2	-21	-4	1	7	0	-3	
1	15	19	12	2	12	2	-3	
0	-8	8	6	8	6	3	8	
-2	2	32	21	3	3	1	2	
-5	-15	-43	-38	-9	-14	-6	-1	
-1	0	10	4	6	24	4	4	
2	14	30	-10	-2	-3	-2	-7	
0	-9	-42	10	5	10	5	4	
6	13	52	23	-4	0	-1	17	
-4	0	5	-21	-2	-9	-3	-21	
-7	-33	-67	-4	2	7	0	-7	
2	32	59	18	5	4	1	0	
6	-15	-35	7	12	4	11	12	
0	2	-94	-27	-19	-40	-10	-1	
-8	-24	74	17	-4	-4	-2	-4	
1	20	52	-22	-3	-2	0	-3	
0	-13	-42	-1	-2	5	1	2	
3	1	-20	32	15	-1	1	1	
-2	15	-44	-32	-6	-6	-5	-5	
-3	-41	-103	-11	-4	0	0	9	
-6	22	109	-12	-11	-4	1	-6	
-1	-2	-21	-12	-4	-2	-4	0	
4	-2	16	68	23	4	1	1	
-8	-35	-79	-57	-13	5	1	1	
13	3	-128	22	-3	-6	-3	-2	
7	37	54	-71	-18	3	-3	14	
-13	-23	-23	-9	-8	-7	-6	-23	
0	16	116	127	23	-3	-2	-2	
-5	-27	-39	-68	-13	1	3	-4	
-9	-43	-74	-17	12	11	5	2	
1	35	54	-32	-18	-18	-12	-6	
20	47	121	12	1	10	22	22	
-18	-42	-63	10	-7	-29	-26	-27	
-3	3	55	13	0	0	2	0	
8	1	-32	-23	2	14	8	9	
-5	-27	-31	74	30	2	-4	-8	
8	46	127	-63	-27	-8	2	9	
-3	-3	29	6	-5	5	5	0	
-1	-4	-39	-3	-29	-11	-7	-5	
1	2	-80	12	7	-4	-10	-4	
2	26	-12	-15	33	21	10	5	
6	13	38	85	-26	-10	-8	-3	
-4	-8	-25	-65	-12	6	2	1	
-7	-11	-65	-1	9	6	-1	-3	
-1	-17	-12	5	14	8	-2	-1	
-16	-43	-91	10	31	1	4	-7	
25	65	-6	91	2	1	6	9	
10	11	-15	-2	-36	0	3	4	
3	14	92	53	-32	0	-4	-5	
-8	-9	78	118	55	-20	-13	-7	
-23	-44	-112	-43	10	12	1	-7	
-1	-16	-59	-28	19	-11	-7	0	
-1	6	66	90	-37	7	8	1	
5	34	103	98	25	12	2	0	
-10	21	125	-75	29	12	-1	-9	
19	16	44	-32	-49	-14	0	8	
-10	-21	-78	-35	46	9	2	-1	
3	7	-57	-50	-21	11	0	-2	
-3	-11	-60	90	9	-33	-19	-9	
-25	-16	42	-36	3	9	-1	-9	
9	21	43	77	23	-3	3	2	
-8	13	77	-59	2	6	2	1	
6	4	-90	-104	-11	21	15	9	
-3	10	-63	-61	-30	-7	-3	-1	
-3	-31	-66	104	-17	-24	-13	-2	
1	22	-20	-21	7	0	-1	-2	
3	6	87	-46	39	22	5	5	
3	27	1	98	-11	-49	-20	-7	
-2	-18	-35	-49	-3	14	9	5	
0	-41	-128	-122	-25	-23	-5	0	
10	10	91	-50	20	11	9	6	
6	-13	53	19	-26	17	9	11	
3	56	99	-21	-11	-23	-10	-4	
0	-39	-48	30	12	0	-2	-2	
-8	13	48	9	-14	-12	-5	-4	
-9	15	5	-15	-22	-11	-6	-10	
4	-26	-128	-112	1	17	5	2	
-13	-26	-52	25	-24	-15	-11	-8	
13	28	-47	59	-9	-10	-5	2	
-14	-63	0	-63	11	9	2	-1	
-4	-4	-35	32	33	6	2	1	
0	7	58	69	10	22	9	3	
-14	-77	-94	113	-48	-37	-21	-11	
-2	28	-45	-99	-22	-19	-8	-6	
-7	39	125	55	15	-1	-6	-9	
-13	-8	50	52	58	-1	-4	-9	
13	4	-52	65	-42	4	8	9	
8	-3	-39	9	39	14	4	3	
2	-15	-41	-66	-12	12	8	7	
12	24	-49	-56	-52	-12	0	6	
-16	-10	-47	-14	34	5	-5	-10	
5	-11	24	-64	22	28	17	10	
-6	-19	-19	20	11	-20	-13	-8	
6	12	-22	-43	-43	11	7	4	
4	-11	-8	-113	-19	-2	7	7	
-17	-9	74	29	-4	-6	-8	-8	
1	-7	-30	-17	-2	15	8	5	
8	0	49	109	-5	2	5	2	
-7	-14	-94	-66	8	11	8	4	
-2	13	82	75	10	0	-4	-4	
6	24	45	3	10	-1	-3	-2	
2	-35	-66	-80	-28	-14	-3	3	
9	47	127	55	5	-5	-4	0	
-3	3	-9	60	45	13	-1	-5	
-3	18	48	-109	-64	0	0	-1	
5	-15	-76	-18	16	-7	1	6	
1	25	95	67	-11	-7	-10	-6	
-5	-30	-88	-28	27	9	8	4	
2	4	54	91	14	-5	-3	-5	
6	18	-28	-128	-18	20	11	8	
-4	-26	33	48	29	-11	-4	-1	
2	12	-26	20	-21	8	3	1	
-9	-22	32	70	5	-15	-8	-5	
14	37	80	49	27	16	10	8	
6	-10	-58	-67	-32	-5	-5	-1	
-4	-26	5	-34	4	-9	0	1	
4	-43	-30	6	-8	30	28	20	
-3	44	94	4	9	1	-4	-7	
4	10	41	17	2	7	3	3	
4	28	32	-38	-15	-4	-8	-7	
5	4	-86	-31	35	14	2	0	
-13	8	85	71	14	-30	-15	-12	
-5	-32	-104	-115	14	14	9	2	
-12	5	28	85	2	-7	-7	-11	
1	-41	-128	-11	4	-14	-8	0	
7	-8	-69	43	-9	-14	-7	-1	
0	19	57	-4	0	-21	-12	-5	
9	23	68	45	36	3	3	5	
-2	6	-26	-26	21	17	2	-6	
-2	-15	81	-44	-29	-14	-6	-2	
-14	-20	53	77	18	12	4	-3	
6	-9	-128	-116	-42	7	11	10	
-10	2	22	37	19	-24	-19	-14	
-1	-18	-74	-68	-29	10	2	-1	
0	-20	-103	108	63	4	2	-2	
-7	6	33	-109	-28	-5	-7	-6	
3	-4	-24	49	-56	-17	-6	0	
-5	-24	56	11	6	-2	-2	-2	
5	11	-9	-49	-9	21	13	10	
-3	-6	-70	127	-10	-31	-18	-10	
11	44	98	-8	-5	0	4	4	
0	10	-46	14	45	13	10	7	
2	3	-37	-80	-72	5	3	2	
10	15	-22	-1	2	-37	-18	-3	
-7	-16	2	37	19	12	2	-1	
0	-12	-61	16	-12	10	3	1	
5	9	-64	-65	2	13	4	2	
-1	-39	10	-4	-6	3	2	1	
-6	-11	32	-78	47	-2	-2	-2	
-17	-19	-84	2	-33	-13	-11	-13	
-2	9	88	-26	-29	-14	-5	-3	
-6	9	55	11	2	20	3	-4	
-19	-64	-79	0	-47	-26	-10	-7	
-15	-1	20	-67	8	14	4	-5	
-10	-33	-128	9	18	9	2	-3	
0	19	93	-8	-8	26	12	4	
4	34	67	106	31	-7	-5	0	
-1	-13	-83	-72	5	4	4	3	
-1	-7	52	41	-20	-24	-12	-3	
10	31	23	-12	15	16	9	7	
7	11	-78	-84	-30	14	10	5	
8	14	43	5	37	-5	-1	1	
3	4	102	117	-8	3	9	9	
-4	21	-31	4	-5	-9	-8	-5	
-9	-48	-89	-82	-17	0	-1	-5	
13	56	125	47	8	14	3	3	
2	-9	-58	-4	-16	-16	-11	-5	
-4	6	86	-68	4	3	1	0	
-1	-12	-96	27	-11	-2	-4	-4	
-1	-13	79	14	-14	-10	-4	1	
0	14	38	37	10	-2	-1	-2	
-9	-28	-81	-20	-3	-10	-4	-4	
2	9	-16	-12	23	13	4	0	
13	12	-60	-76	-11	6	8	7	
-5	33	79	74	-5	-30	-21	-13	
-2	-14	-10	43	8	-24	-10	-3	
-2	-9	-50	-51	20	10	8	3	
-3	15	15	-27	-44	-11	-10	-8	
0	-11	-28	6	-25	-26	-7	0	
7	-9	65	79	34	18	7	3	
-7	-10	-34	59	22	-15	-13	-10	
-7	2	-1	7	14	2	1	-2	
20	43	66	-50	-5	26	15	14	
-15	-46	-58	33	10	-6	-8	-8	
17	60	127	-16	-44	-8	1	8	
-11	-24	-26	55	26	-8	-7	-6	
-5	-11	-40	16	6	3	-1	-3	
3	-5	-25	-51	5	21	16	10	
4	-2	-18	-11	1	1	4	5	
-7	-11	0	11	20	-6	-6	-4	
-14	-33	-44	-117	-9	-1	-3	-8	
10	22	21	-31	-42	-11	-4	1	
-15	-15	-36	-13	29	4	-2	-7	
3	1	54	59	-29	-13	-1	2	
-2	10	19	109	57	9	-6	-7	
10	-12	-61	-111	-42	27	22	18	
14	33	84	24	-23	-15	-12	-1	
3	15	-12	60	23	-2	-2	-1	
-8	-32	1	-22	51	21	9	1	
-11	-16	68	58	-37	-21	-9	-8	
10	30	82	47	-22	-4	-1	4	
1	-21	-90	2	-5	-12	-3	4	
6	21	127	-51	7	8	3	3	
-13	-6	-42	96	59	-11	-16	-12	
16	44	-20	-116	-50	-4	7	9	
-1	20	93	60	-13	-9	-9	-6	
2	-41	-128	-49	-12	-3	5	7	
-8	-27	-46	-19	-2	6	3	0	
-12	-4	50	16	19	0	-1	-4	
3	13	41	43	28	7	1	0	
25	66	59	-14	-28	15	9	9	
5	-2	-76	62	23	-29	-17	-7	
-18	-23	-68	-80	7	8	0	-8	
1	6	-15	-27	-42	6	5	5	
-7	-30	-16	111	44	-20	-13	-8	
1	21	-95	-24	-11	0	-2	-3	
3	3	91	78	1	3	6	5	
13	12	25	-49	20	23	12	10	
4	-2	-91	-16	-15	-7	0	3	
-3	-20	-24	5	3	-11	-6	-5	
-8	-21	-51	57	24	-4	-3	-4	
1	10	45	-51	8	7	5	3	
-4	8	-45	-46	10	15	6	1	
2	3	48	-15	-47	-12	-5	-2	
-3	12	-14	-34	-19	7	0	-2	
1	-21	-19	43	10	-3	-3	-1	
-1	-1	-38	-77	-38	-5	3	1	
-11	-5	54	65	45	15	4	-1	
-10	-31	-40	-64	3	-2	-6	-5	
18	33	-45	-102	-94	2	12	14	
-6	5	-17	90	23	-18	-12	-7	
-4	-14	-13	-26	6	0	1	3	
-2	8	86	3	65	21	8	0	
-21	-57	-84	12	-7	-13	-13	-13	
4	15	-11	-12	-56	-17	-10	-6	
14	34	-66	-85	-43	-3	5	7	
-14	-28	-20	31	28	8	-2	-7	
-4	9	13	-19	-1	-1	-2	-7	
-5	-21	43	49	25	20	11	6	
-3	1	6	-16	21	14	3	0	
5	14	40	-79	-83	-28	-3	5	
2	-13	-58	6	22	-6	-3	2	
-8	-3	6	31	14	5	1	-4	
2	14	62	26	34	11	1	-1	
11	17	-46	18	-7	-3	-4	2	
4	-20	-8	62	34	11	6	6	
-5	-27	-46	-77	3	-4	-2	1	
0	16	43	23	6	-7	-8	-7	
-9	-17	49	11	1	9	2	-3	
29	59	71	59	-42	-31	-10	6	
-24	-23	86	82	52	3	-4	-11	
-6	-14	-46	-31	-12	6	4	0	
8	7	-12	48	21	3	4	4	
-11	-8	-19	-85	-40	4	-1	-7	
11	19	9	52	-10	-23	-10	1	
-9	-21	-8	-42	-36	-1	3	-2	
-3	3	57	49	36	7	1	-2	
-6	-3	-45	-90	-11	11	4	-2	
10	24	69	-8	-17	8	3	1	
11	4	-78	54	41	7	4	6	
13	10	-46	7	-44	-30	-10	1	
-12	-17	-23	23	19	15	3	-4	
1	12	-63	11	1	-12	-8	-5	
-2	23	118	28	32	13	1	0	
-6	3	95	-8	5	3	2	0	
-3	-13	-125	-97	-11	-16	-10	-8	
-5	-29	-89	61	-11	-7	-4	-3	
16	43	67	-63	-27	-9	-1	8	
-1	4	-33	2	-6	0	-2	-2	
-1	-5	52	17	9	7	6	5	
3	4	19	-27	10	9	5	3	
-4	-5	26	-7	-8	-5	-3	-2	
-8	-31	-67	7	-22	-6	-5	-5	
-1	11	53	6	23	11	4	0	
-1	-3	11	-35	-13	3	4	1	
1	-10	-26	9	-12	-9	-5	-1	
0	7	-4	0	16	5	2	0	
-4	-8	4	36	13	-6	-4	-2	
-3	-2	7	-41	-8	5	3	2	
-5	-7	-11	4	-10	-3	-4	-5	
4	-1	-36	-6	-4	-7	-1	1	
-2	-5	15	30	9	-3	-1	-1	
-2	-2	0	-23	-15	0	1	-1	
2	0	-8	-11	0	5	2	1	
0	3	-9	8	0	2	1	1	
-3	-3	2	17	6	-6	-3	-3	
-1	14	15	-22	4	5	0	-1	
0	7	-13	3	-2	-4	-2	-2	
-2	6	-8	0	-2	0	-1	-1	
-3	-6	9	16	6	-1	-1	-2	
0	-23	-6	-24	-6	1	2	1	
0	-36	-3	0	-4	-1	0	0	
1	-32	-10	3	-5	-1	0	-1	
-1	-26	5	5	6	1	1	1	
-3	-19	3	-10	-3	-1	-1	1	
-4	-52	-7	-1	-2	-2	0	0	
-1	-27	-2	0	2	1	0	-1	
-3	-2	2	7	2	-1	-3	-2	
-1	23	1	-9	-1	1	2	3	
-7	33	-2	0	-1	-1	0	-4	
3	21	-10	-4	-2	-1	-6	-4	
-3	18	1	6	2	-1	-1	-2	
-1	13	-1	-6	-6	0	-2	-1	
1	15	-2	-2	0	-1	0	1	
-2	15	-1	3	1	1	1	0	
3	12	0	2	1	-2	-3	0	
1	5	3	-5	1	0	1	-3	
6	7	-2	1	0	1	9	24	
3	13	-4	-1	0	2	-1	-20	
-4	0	-2	0	-5	-6	-13	-2	
1	-3	-3	-6	-4	0	-2	0	
0	3	-1	-1	-1	-2	-6	-9	
2	6	-2	2	0	1	4	7	
-7	-1	1	3	5	3	9	-5	
15	1	1	-4	-3	-3	-6	7	
1	8	-3	-3	-4	-7	-3	1	
-4	-2	-2	0	2	-1	-2	0	
1	-1	1	1	1	-1	1	-3	
-4	-3	0	-1	-1	1	1	1	
0	3	-2	-2	-2	0	-1	-4	
0	3	-1	-1	-1	-2	-2	2	
-1	0	1	3	2	0	1	-1	
-3	-1	-1	-3	0	1	1	-1	
1	-2	-1	0	0	0	-1	-3	
-3	1	0	2	-3	-1	-2	-2	
1	-1	-1	1	-1	-1	-1	3	
-1	-2	-1	-1	1	1	-1	-4	
-2	-1	-2	-2	0	1	-4	-4	
1	0	0	1	1	-4	-2	3	
2	0	0	0	-2	-2	-1	1	
-6	-6	-1	0	1	2	-1	-2	
-4	-3	-2	1	1	1	1	-5	
1	1	-2	-4	-2	-2	0	3	
0	-4	1	1	2	1	0	-3	
-2	-2	1	-1	1	-3	-1	-3	
-4	-5	-3	0	0	2	-2	0	
0	-1	-1	-2	-2	1	0	2	
-4	-4	1	2	0	0	0	-2	
-1	0	-1	-1	1	1	0	-1	
2	-1	1	-1	-2	0	-1	-2	
-1	-2	-1	-3	0	-1	0	1	
-3	1	1	-2	1	2	0	-1	
-1	0	-1	-1	-1	-2	-2	-1	
1	-1	-1	0	-2	-2	-1	-1	
-2	-1	-2	0	-1	-1	-2	-1	
2	-1	-1	-1	-2	-2	0	1	
-2	-3	-1	-1	0	-1	0	-1	
2	2	1	-3	-2	-3	-2	0	
-2	-4	-1	1	2	1	-1	0	
-1	-2	0	2	1	5	-1	0	
-1	-3	0	1	1	-1	0	-1	
-2	-2	2	0	-1	0	-1	-2	
0	1	0	-1	-1	1	0	-1	
1	2	-2	-1	-1	0	-2	0	
0	0	-1	-2	-1	-1	-1	0	
-1	-1	-2	-1	0	0	1	2	
0	0	0	-1	0	1	0	0	
-2	-4	0	1	-1	-1	1	-2	
-4	-3	0	0	1	1	1	-2	
-2	0	-1	-1	0	0	2	1	
0	0	-1	0	0	-3	-3	-1	
1	0	-2	-2	-2	-1	-2	1	
-1	0	1	-2	-4	-4	-1	-1	
-2	-3	-2	0	0	2	-3	-1	
1	0	-1	-1	-1	-2	0	1	
0	-1	0	-1	-1	-1	-1	1	
0	-2	-2	-1	-2	-1	-2	-1	
-2	-2	0	1	1	-1	0	-2	
-1	-3	0	1	1	0	-1	-1	
0	0	0	-2	-1	-3	0	0	
0	0	0	-2	-1	-1	-1	-1	
1	-1	-3	-1	0	-2	-1	-2	
-2	-1	0	-2	0	-1	-2	-1	
-1	-1	1	0	-2	0	0	-2	
-1	0	0	1	0	0	1	1	
0	0	1	-1	1	-2	-2	-1	
1	-2	0	-2	-2	-3	0	0	
1	-1	-1	-1	0	-2	-3	-1	
-2	-4	-1	-3	-2	0	-1	0	
-2	1	0	1	2	-1	0	-3	
