0	2	0	2	1	0	0	0	
-1	0	1	1	-5	-2	-1	-1	
1	-2	0	-2	1	0	0	0	
6	5	-1	-3	1	-1	0	-2	
-3	-6	-7	-6	1	0	1	2	
1	-2	-2	-2	0	1	-1	-1	
-1	0	2	2	-2	0	-2	-2	
-2	-1	-3	1	-4	-3	-2	-1	
5	3	4	1	4	0	0	-1	
0	-2	1	0	0	1	1	1	
-6	-6	-3	0	1	-1	1	-2	
4	2	-2	-5	-3	-1	-2	0	
0	0	2	5	1	-2	-3	-2	
-2	0	-1	0	-2	0	-2	-1	
-5	-5	3	-2	-1	-4	-2	-5	
-5	0	-4	1	-2	-2	0	0	
14	1	-12	-8	1	2	3	7	
-1	-1	0	0	-9	-5	-1	-1	
5	6	7	2	17	8	2	2	
-9	-4	6	0	-5	-3	-2	-5	
-11	-8	-2	-3	-6	-1	-1	-7	
4	7	-11	0	-2	-1	-2	1	
0	-1	5	2	-6	-2	0	0	
-1	-1	-2	-2	-6	-5	-4	-2	
-12	-9	-10	-5	1	1	-3	-7	
9	10	9	7	3	1	4	7	
0	-2	-4	1	-4	-3	-1	-2	
2	0	-5	-4	1	0	1	1	
-5	-3	0	1	-6	-5	-2	-6	
-5	-10	-1	0	1	-2	-1	1	
5	-7	-13	-6	-2	-2	0	1	
-3	10	12	6	-1	1	3	1	
-2	-6	-15	4	-5	-7	-8	-10	
-30	-10	5	-4	11	7	5	-5	
9	6	0	-13	-7	1	2	8	
16	8	-8	12	-1	-2	2	5	
-3	-4	3	-16	-1	-1	0	0	
-9	-23	-3	20	-7	-8	-9	-13	
-5	17	9	-25	2	3	1	-1	
1	0	11	10	4	8	6	4	
-4	5	-5	2	-9	-4	-2	-3	
20	4	20	3	14	6	1	8	
-23	-26	-54	-4	-8	-8	-8	-15	
-12	1	4	-12	1	0	-3	-9	
25	30	27	9	6	8	8	16	
16	-28	-23	-13	-5	-1	1	9	
17	45	24	13	-5	-2	1	-2	
-31	-28	-5	2	5	-6	-12	-14	
-22	-6	-10	9	3	2	0	-9	
42	-22	2	-9	2	14	20	34	
-11	2	-3	-1	-4	-4	-3	-3	
27	15	23	6	0	2	5	12	
-16	5	-4	1	5	-13	-19	-24	
-13	26	-4	-25	-17	-6	-1	-7	
-5	-34	-17	6	2	6	5	3	
-36	-28	-15	-25	-19	-13	-17	-27	
-6	-9	15	19	16	0	-11	-9	
6	35	-2	1	4	-10	-18	-17	
-27	-7	44	9	8	13	7	0	
81	-9	-1	11	12	26	54	74	
44	25	-30	-18	-12	-9	-7	3	
-39	19	0	9	-1	-4	-9	-23	
-14	-16	47	0	-16	-29	-28	-13	
-29	-44	-62	-44	-9	2	12	-3	
86	22	52	53	16	13	26	55	
-4	49	25	6	1	-14	-19	-31	
-38	-20	23	9	1	-15	-30	-44	
-23	18	-63	-29	-10	-3	-8	-4	
11	-6	60	1	-20	6	15	20	
17	-39	-63	-9	32	8	17	29	
1	27	16	4	-40	-20	-16	-19	
-18	10	65	21	-22	6	-14	-27	
18	41	-50	-36	3	5	-3	16	
-4	-74	24	27	2	20	36	24	
-11	-29	-54	-24	19	-10	-15	-13	
-3	-4	9	-3	-12	-17	-44	-17	
-74	-14	-18	-7	-19	-29	-83	-82	
62	109	30	-7	11	-2	43	10	
12	-14	-4	18	0	40	109	95	
-17	-39	10	27	31	5	6	37	
-5	-45	-43	-41	-16	-10	-26	1	
8	87	33	10	3	11	-72	-38	
22	-56	-10	10	-19	12	42	24	
28	75	99	11	7	-12	-63	-14	
-28	-2	-79	-7	1	-28	36	-20	
-69	10	38	18	19	15	-9	4	
-21	-50	17	31	36	30	15	-40	
66	-42	-38	-1	21	10	6	31	
17	21	11	-13	-28	-21	88	84	
-65	-15	27	4	-8	-10	4	-34	
0	105	-13	-29	-10	3	-13	3	
-28	-63	-31	-9	-9	-8	-32	-36	
30	17	-59	-13	20	19	-122	-61	
-16	-4	-17	10	-20	-41	112	3	
-23	78	24	1	-8	18	64	-3	
-41	-37	-31	-2	0	-18	-65	-16	
-12	4	3	-16	3	32	41	-27	
6	-44	44	18	13	18	-29	-8	
45	2	-35	-7	-13	-53	-1	11	
-74	114	6	9	3	36	106	-51	
8	-122	-28	-37	-14	-12	37	107	
127	64	32	69	30	11	42	84	
17	-51	-46	-39	5	13	-20	-46	
-57	28	52	4	-10	-4	-62	-70	
-82	1	81	3	-3	-43	-121	-46	
-55	-63	-128	-72	-6	7	-62	-66	
45	29	86	56	13	20	112	127	
83	3	-91	-16	2	-9	60	80	
-98	-73	-8	20	27	-4	-96	-111	
-104	-81	-21	-62	-37	-9	-101	-95	
77	53	19	36	-10	-17	21	52	
108	58	-87	3	21	34	114	87	
17	102	35	21	-12	30	94	19	
-91	-74	-56	-26	-19	-33	-105	-82	
-65	-71	7	-6	-2	-3	-80	-18	
46	-8	60	33	21	11	98	82	
17	47	42	2	5	6	-35	-30	
11	25	-58	-40	-50	-40	99	-55	
-74	100	42	-25	21	13	27	-6	
101	-68	10	17	20	55	14	92	
50	35	1	27	13	24	25	113	
1	-8	64	26	7	-20	-128	-32	
-116	43	-24	-17	-11	-69	-128	-128	
41	74	26	-33	-66	-61	54	12	
99	65	-24	28	87	93	114	81	
-50	-48	-75	0	3	-5	-65	-29	
-3	-10	11	5	-3	15	-51	-66	
-33	72	-12	-26	-13	-18	-80	13	
-13	-32	124	92	-8	-33	51	10	
55	79	-2	2	15	29	103	98	
-59	-87	47	-22	-10	-31	-69	-100	
23	14	-113	-23	29	38	-50	-12	
-52	-63	-60	-37	-12	2	91	-23	
63	72	35	31	-6	-2	-50	32	
-7	-128	-59	-24	4	16	-36	0	
-16	64	50	-16	-47	-82	55	-57	
-38	-80	-45	0	21	78	65	59	
-11	46	42	-30	-13	2	107	69	
112	86	3	39	20	41	-70	12	
-77	-67	-3	5	10	-21	-47	-73	
11	41	62	25	-28	-43	-21	-40	
31	37	-17	-17	-9	-19	-15	16	
-36	-76	-7	-28	2	-15	-67	-46	
-37	0	-31	23	-13	13	33	-28	
-9	-3	76	18	37	40	56	38	
51	13	-20	-6	-17	-35	36	37	
-9	38	-64	-25	-7	-31	-20	-13	
-73	50	39	27	22	8	-75	-128	
55	-5	35	1	-5	-6	42	49	
35	-15	10	31	15	24	-59	-19	
-34	-69	-67	-39	-19	-31	127	13	
67	50	52	25	100	99	25	72	
15	34	-52	-63	-99	-128	-65	-128	
22	15	32	10	17	28	90	127	
-34	42	-30	68	24	51	75	-42	
-112	-128	37	21	-29	-47	-123	-98	
-6	74	-30	-22	7	-30	-107	-98	
-27	-66	-59	-68	-27	15	50	-52	
48	123	86	33	11	20	60	117	
-32	-83	-90	-29	-34	-35	-16	-36	
56	30	7	4	30	13	-105	80	
-114	78	104	17	-11	-27	-66	-128	
16	-23	-46	-25	1	6	88	19	
87	-81	-8	-15	5	0	-4	95	
-52	-52	-94	-40	-57	-89	5	-85	
-13	3	34	43	46	72	-72	19	
84	125	63	8	-12	-5	73	-67	
-17	-42	-5	-26	-16	-19	69	96	
-61	-128	-39	-4	15	22	-23	-89	
27	6	0	0	-12	1	-18	-16	
-37	-62	4	31	27	-29	-75	15	
-85	7	54	9	-44	7	-107	-128	
98	90	87	23	20	28	115	127	
37	-14	-45	19	10	13	52	44	
-48	34	-67	-45	1	-30	-128	-72	
-14	-5	-7	-26	1	4	104	-102	
52	48	56	15	-17	20	86	81	
-5	-26	0	24	0	-24	16	1	
11	-31	-5	-16	12	54	-48	21	
-67	87	7	-10	-24	-76	-22	-79	
31	101	-1	-22	-2	55	14	16	
-7	-10	-36	-25	6	-17	-39	-52	
-5	73	17	24	-5	-17	-33	-19	
-45	-20	6	-24	-1	46	-22	78	
10	-91	-51	-11	0	-28	-46	22	
16	-1	28	6	0	10	-71	-26	
24	-2	13	-20	-38	-54	37	-3	
-9	12	-42	12	32	3	-45	-34	
-91	-54	-64	-47	-25	-58	1	-41	
118	85	111	76	52	101	127	127	
-2	-128	-92	-44	-7	6	-39	-51	
-13	17	42	18	-8	-21	-37	-27	
-24	-13	-36	-18	-1	21	-76	-39	
-128	-120	-46	-31	-20	-31	-128	-128	
70	11	-19	20	-6	-25	61	89	
69	41	12	5	7	41	93	90	
-19	62	28	31	14	0	-8	-59	
23	52	23	-12	-8	-13	-5	33	
-54	-21	12	3	7	-35	21	-66	
69	-9	32	54	11	26	4	107	
23	59	23	22	31	59	74	5	
-20	-41	-50	-35	-15	-22	-10	-38	
17	-8	-6	12	1	22	76	26	
-11	51	18	-1	21	0	-8	16	
-27	-79	-9	8	-2	-16	-52	16	
-81	80	19	6	5	-1	-62	-68	
30	-89	-75	-45	-21	2	-87	-52	
73	51	-11	-2	-3	-38	37	25	
37	23	50	29	-10	10	46	-3	
-15	-14	-9	-4	-14	-38	-54	-15	
-44	40	58	17	9	15	-3	10	
26	-18	-15	-14	-1	48	105	25	
-19	72	11	-14	-5	-5	-25	-58	
13	-31	-37	-11	5	4	47	63	
7	46	65	3	-38	3	-26	52	
-15	-31	-61	-3	33	35	-78	-79	
1	61	54	-37	-49	-49	-60	-22	
14	-5	-30	16	-3	-34	20	3	
2	-19	12	5	17	36	-49	53	
-73	-53	-10	-50	-58	-100	-13	-90	
46	-22	-3	41	37	40	34	51	
127	121	40	-23	-9	18	127	112	
-20	-66	-79	-27	-20	-19	21	45	
-95	-52	27	16	18	5	-128	-73	
-52	29	-19	-9	-26	-52	-50	-64	
84	28	0	-6	-2	32	85	69	
8	51	17	-1	20	29	-7	-26	
-22	-13	-33	25	3	2	-28	-9	
-128	-41	-63	-61	-24	-15	-126	-128	
67	-51	-32	-28	-30	-18	85	82	
45	41	75	29	4	11	81	57	
-8	21	-29	-16	4	-9	-29	-15	
-76	34	-40	16	29	6	-112	-82	
9	-48	17	-50	-70	-18	46	25	
26	19	-28	-7	12	23	19	22	
3	69	126	73	16	6	60	40	
-12	-26	-16	2	20	19	-53	-32	
-97	-42	-44	-24	-15	-51	-107	-128	
11	-45	-33	0	-2	4	-46	-39	
67	-1	38	-15	21	39	127	127	
23	-37	-44	-7	-6	-21	46	91	
-38	15	35	0	-49	1	-87	-16	
-8	33	32	27	19	8	-58	-53	
-17	15	-4	-20	-18	-15	-17	-24	
65	44	65	46	16	32	39	58	
-34	-82	-25	-21	1	-26	-25	-38	
-80	4	-47	-50	-18	-10	-35	-45	
95	78	-1	21	-7	7	60	76	
2	-42	-26	-21	-1	19	83	39	
-24	11	11	29	4	-15	-51	-35	
-115	-40	13	-23	-24	-55	-39	-51	
66	16	-17	-23	7	16	4	24	
34	-81	-89	-17	-11	-3	71	14	
-10	29	94	63	55	31	11	35	
-15	3	42	3	-12	-15	-39	-45	
-70	3	-19	4	-21	-22	-44	-49	
5	8	-15	0	0	-25	-70	-39	
-18	-27	-26	-43	1	19	-97	-80	
60	47	-45	29	20	-4	119	100	
38	31	70	34	11	15	22	53	
-73	-36	-16	-12	-8	-23	-79	-89	
-125	34	-100	-77	3	-14	-116	-90	
127	-42	72	60	26	33	112	116	
37	24	-52	43	35	40	11	-18	
0	23	64	10	-9	2	-40	38	
-47	-60	-79	-13	22	2	-83	-74	
-65	34	30	6	-22	-25	8	-16	
8	-44	-64	-74	-38	-20	-27	-55	
27	-5	14	40	34	31	64	49	
24	48	44	42	42	65	-13	26	
-2	71	53	-6	-56	-62	6	-34	
25	23	63	29	52	52	56	56	
1	36	-66	-31	-16	10	2	-38	
15	-63	24	19	2	18	56	67	
-39	-31	-54	-24	-5	-3	-92	-91	
-29	-27	57	4	2	-23	-13	14	
51	54	30	-1	38	38	-17	41	
57	45	95	64	-24	-42	113	111	
20	-71	-100	-44	0	2	-22	-8	
-52	-17	-36	-27	-29	-33	-54	-65	
-32	-25	-3	8	15	23	-22	-28	
-44	-15	-13	-15	-8	-14	-9	-70	
19	39	22	26	14	22	7	40	
-40	-44	-96	-40	-2	10	-54	-58	
13	42	54	24	-10	17	79	78	
20	5	21	12	4	-5	16	-32	
-23	-57	-31	-15	1	-21	-63	-50	
45	17	-9	22	26	41	68	87	
-11	17	38	-12	-25	-7	3	-2	
-9	-36	-36	26	18	-21	-24	-17	
103	48	30	-2	10	35	104	103	
-46	-16	-63	-39	-32	-34	-76	-68	
-10	-29	-71	-37	-29	-22	-2	-25	
-11	-5	-19	8	24	29	4	5	
-36	30	20	6	2	3	-67	-52	
-29	-33	14	-3	-19	-11	-45	-36	
33	33	65	10	0	-10	20	28	
1	-1	-37	0	-1	-3	11	-9	
-6	-11	-26	-6	-16	-18	-27	-15	
16	31	88	40	28	35	45	31	
-24	-40	-16	-21	5	-19	-16	-15	
48	17	-27	-17	4	25	34	33	
6	3	-19	-29	-11	-9	10	-67	
-11	5	74	33	-12	-7	-5	67	
-59	-8	21	39	43	15	-14	-25	
43	21	51	22	-4	22	56	72	
47	16	28	1	26	-10	2	7	
-32	-7	-58	-52	-19	-18	-42	-47	
-18	-43	-75	-25	-20	11	-4	-23	
-49	5	-3	33	-35	-43	-45	-94	
23	-26	-33	-51	43	89	41	127	
63	26	77	52	2	-27	-2	-73	
15	6	-30	-19	-5	-6	-9	-15	
5	-11	-66	28	21	13	32	-20	
-69	6	17	22	-13	-2	-29	-58	
-18	-3	33	-11	-4	-6	-2	-23	
39	-1	-26	-28	-38	-3	2	4	
-45	-6	15	-4	17	1	-14	-82	
27	32	42	75	18	3	12	119	
-29	-21	-111	-80	-9	7	9	-11	
59	5	92	27	-3	-7	5	25	
-31	16	69	30	7	-12	3	0	
-35	-24	-112	-24	1	-3	2	-23	
-7	16	62	53	2	-14	-22	-20	
-6	1	2	-15	-22	-13	-17	-11	
13	-20	-31	-67	-13	-4	8	46	
23	32	42	66	25	2	7	-11	
-24	-20	-17	-17	-15	-20	-21	-16	
29	16	-17	-10	32	28	28	17	
5	-9	12	12	12	43	45	38	
-23	1	39	-5	-19	-15	-11	-29	
2	-26	-37	4	-7	-12	-9	-2	
-20	21	27	16	15	-5	-2	-6	
64	14	-5	-17	-12	-11	-5	34	
-5	-3	19	-22	-14	2	4	-15	
-2	-5	-30	-26	2	1	-6	0	
-8	-6	36	37	3	-6	-2	-6	
20	8	-18	-23	-7	-6	0	21	
-3	2	4	-11	-3	-5	-9	-14	
-4	-3	26	28	4	-5	-5	6	
-20	-20	-22	-5	-3	-8	-9	-12	
2	7	0	-12	-8	-7	2	1	
0	-9	-2	3	-1	1	3	0	
6	10	14	-17	-2	0	-1	-1	
-9	-9	-5	15	-4	-3	-5	-14	
-3	1	-8	-9	2	-3	1	18	
2	-5	-31	-24	-4	-3	-1	-3	
-8	0	-2	6	-15	4	-2	-4	
-3	-7	24	6	1	-7	-4	1	
6	-5	-6	-6	1	-3	2	4	
-20	-1	20	28	4	11	3	-11	
24	8	-15	-15	-2	-13	-8	7	
-16	-7	12	-4	-4	2	1	0	
-16	-2	-20	-5	2	-1	-1	-9	
32	6	18	-3	-3	1	3	19	
1	-7	-8	-5	0	-1	-2	-6	
0	-1	1	6	-4	1	0	1	
-2	-3	-12	-22	-8	-15	-8	1	
-14	-4	8	5	1	1	-4	-10	
0	6	-2	15	4	-1	-3	1	
4	0	-6	-10	-2	-4	-2	3	
-3	-4	7	8	-2	1	-1	-4	
-5	-4	-16	-5	3	-1	-2	-3	
3	8	12	3	4	3	1	0	
-8	-3	-3	5	4	-1	-2	-6	
3	1	-2	-5	-6	-5	-3	0	
2	1	-4	-3	2	4	2	0	
3	4	8	12	8	2	2	3	
-8	-6	0	-6	-1	-4	-5	-3	
7	3	10	0	-9	-1	1	0	
-7	-7	-15	-21	-6	-5	-1	-1	
-11	-3	0	6	3	-2	-6	-4	
4	-2	-14	-7	4	2	1	2	
2	-2	16	5	-8	-1	2	1	
-6	-4	-25	-12	7	1	-1	-4	
2	6	10	4	-4	0	-1	1	
0	-1	9	4	-3	-3	-1	2	
1	-1	-6	0	5	3	3	3	
-4	0	9	10	-2	-3	-3	-2	
-1	-4	-6	-7	-1	0	-1	1	
2	-1	-8	-4	-4	-2	-2	0	
-2	2	3	2	2	1	0	-2	
0	-1	2	6	0	-1	-1	-3	
0	-2	-11	-8	-3	-1	-2	0	
-4	1	3	3	-1	1	-1	0	
2	-3	-2	1	3	2	2	2	
-1	4	11	7	1	-1	-1	-2	
-4	-4	-10	-8	-3	-3	-1	-7	
3	-1	-2	-1	-2	-2	-1	1	
0	-3	12	10	3	2	1	3	
2	1	-20	-3	3	1	0	1	
-4	-3	-5	-5	-3	0	-1	-3	
-1	-2	0	5	-5	-4	-2	-2	
1	1	2	2	3	2	1	0	
-4	-2	2	-3	-6	-3	-1	-2	
1	-2	-5	-2	0	2	-1	2	
-2	-4	-10	-6	0	-1	-2	-2	
2	1	11	3	-1	0	2	0	
-2	0	-12	-5	-3	0	-1	-3	
0	0	1	-1	-1	-2	-1	0	
