-3	0	0	0	-2	-2	0	-1	
0	-1	3	0	0	-1	-1	1	
0	0	-1	-2	-3	-1	0	0	
0	0	-1	-1	1	3	1	-1	
1	0	-1	-2	-1	0	-2	0	
-1	-2	-1	1	0	0	0	-1	
-1	1	-1	-1	0	-1	-1	-1	
-1	0	1	0	-2	-1	-2	-1	
0	-1	-4	-1	1	-1	-1	-1	
0	0	-2	-1	-2	-1	-1	-1	
-1	-1	0	0	1	0	1	-1	
0	-1	-2	-3	-5	-5	-3	0	
-1	-3	-2	-1	3	2	1	0	
-1	-1	0	-2	-1	-1	-1	0	
1	-2	0	1	-1	-2	-1	0	
-2	-1	-1	2	-1	-2	0	-1	
0	-2	-3	-5	0	1	1	1	
-1	0	-1	-3	-2	2	0	-1	
0	0	0	1	-2	-3	-4	-1	
-1	-1	-1	-1	0	1	0	-1	
-2	-1	0	-1	-1	-1	-1	-1	
-3	-1	-1	-2	-3	-2	-3	-3	
-2	1	-1	0	3	2	0	0	
0	1	-1	-2	-2	-1	-1	2	
-1	-1	0	0	2	-2	1	1	
-1	-2	-1	0	-5	-3	-1	-1	
0	-2	-2	-1	3	3	-1	0	
0	-2	1	-1	-1	2	-1	0	
0	-1	-2	-4	-4	0	-1	0	
1	1	0	1	1	1	-1	-1	
0	0	1	0	0	-1	-1	-2	
-2	-6	-5	-2	1	-2	-1	-2	
0	1	4	-1	-2	-1	0	0	
-1	1	0	0	2	2	0	-1	
2	1	0	-1	-1	0	0	0	
-1	0	1	0	1	-3	-3	-3	
1	-2	-2	-2	-8	0	0	-1	
-4	-4	0	0	1	-2	-1	-1	
0	1	-2	0	-4	-4	-2	-1	
5	7	4	1	5	2	1	1	
-2	-6	-3	-2	0	-1	0	-1	
5	5	0	-1	0	-1	1	3	
-4	-4	-3	-1	-3	-2	-13	-3	
-1	-2	-1	-1	-3	-1	2	-2	
-1	1	1	2	1	-3	5	-1	
1	-3	-1	-1	2	3	-3	1	
-6	-4	1	1	-4	-3	0	-3	
-4	-2	-6	-4	3	0	-19	-8	
6	3	6	7	3	6	35	6	
5	4	6	3	-6	-2	7	14	
0	-1	-1	-3	-1	1	6	-1	
-8	-4	-6	-5	-9	-4	-18	-7	
-2	-2	-3	-1	9	10	3	-16	
-2	-3	-8	-11	-9	-14	-3	5	
2	-3	7	9	5	6	7	5	
4	8	20	17	2	-5	-22	-1	
-13	-7	-12	-7	-6	-4	-40	-25	
-8	-4	-8	-8	0	-11	-15	-22	
12	1	-17	-17	-3	2	40	27	
8	3	10	9	5	6	56	28	
14	17	24	17	-1	-7	7	13	
-12	7	-18	-13	0	8	-25	-15	
-14	-38	-22	-27	-12	-9	-13	-21	
7	2	15	28	-3	-8	1	3	
0	11	24	12	14	12	-1	7	
-12	-13	-4	-6	2	-2	-12	-12	
4	20	8	0	-7	-16	-26	-15	
13	14	-25	-20	-6	20	26	17	
-32	-44	-14	-9	8	3	19	2	
6	22	8	19	-14	-2	17	-8	
-14	-32	-4	-16	0	-6	-3	2	
17	11	-18	41	19	-11	-16	0	
19	23	31	4	24	31	6	19	
5	9	-2	-11	11	7	-2	-6	
-4	10	-11	-30	-20	-41	-55	-22	
-19	-28	2	21	-37	9	-10	-16	
-1	-3	-12	11	9	32	80	9	
2	-14	41	5	19	8	8	28	
11	17	-54	-53	-2	-5	2	4	
-10	1	60	26	-13	-37	-27	0	
-29	-38	-83	-21	-19	-15	-51	-43	
18	12	23	13	32	36	40	12	
18	18	-3	26	4	15	24	13	
-27	-35	-23	-46	-10	21	-1	-14	
6	16	93	41	-14	-38	-19	-4	
-6	-16	-55	12	8	-11	-34	-10	
-19	-11	-1	-31	16	3	-2	-11	
5	11	-36	-2	-62	-29	-8	-17	
6	9	20	-36	40	23	51	28	
-6	-7	2	-19	-7	-27	-95	-15	
9	7	-3	9	27	116	95	19	
2	-2	12	23	3	-26	31	4	
44	36	-3	-20	-26	-27	4	11	
15	23	47	10	-14	-5	74	56	
15	10	-37	20	37	42	78	32	
-40	-31	-18	-51	-15	5	1	-17	
-5	-58	-45	8	-6	-38	-82	-39	
-24	-31	19	3	-15	-2	-43	-29	
0	16	8	33	-44	-39	-76	-45	
13	31	-8	-38	19	-25	-39	0	
-34	-44	-60	-9	-24	1	-32	-9	
21	25	30	10	16	31	65	30	
-16	-7	-10	58	-29	-66	-61	-15	
1	6	-37	-11	62	50	2	-14	
6	25	26	-6	15	23	10	7	
4	-16	12	-7	-12	-14	36	7	
-3	-23	-63	46	-25	-2	14	1	
21	30	93	18	32	-4	-40	9	
-46	0	1	48	-10	-63	-117	-48	
35	-2	24	-11	33	19	97	60	
41	38	127	26	33	48	-31	29	
-38	-53	-112	-93	-41	-28	-50	-63	
6	7	30	-1	-13	-25	98	32	
-5	27	22	29	-6	-24	-45	4	
31	18	-15	-38	-4	-2	14	93	
51	44	27	23	6	13	109	61	
-10	-20	-11	-18	9	54	30	-41	
-34	-46	-96	-32	-13	37	48	-7	
-41	-31	101	16	0	-56	-62	-57	
-2	2	31	48	-7	-23	-67	-3	
-34	-16	-77	-32	6	18	-6	-26	
34	10	-44	19	-108	-100	-59	-25	
-64	-4	68	-18	54	58	-8	-40	
16	-6	-49	5	23	15	16	-11	
-3	24	38	-44	-20	-14	-8	37	
12	-26	-1	7	14	0	-76	-25	
23	34	-29	19	-42	-60	10	81	
-50	-23	127	25	-32	-11	19	-35	
58	35	-92	-5	38	23	86	94	
-7	8	22	6	25	38	-54	-13	
-23	28	18	-30	4	-49	-39	-68	
30	-53	-81	-76	-55	-41	85	71	
43	24	24	90	-3	83	43	35	
-4	2	27	-10	11	5	25	6	
-12	-31	-98	-4	19	6	-97	-34	
-64	-26	-12	26	-27	-39	-89	-91	
15	8	50	23	-16	-23	-8	8	
-3	-4	-109	-28	-25	-16	10	4	
-9	-6	47	19	19	4	-22	-24	
-1	2	-41	-54	20	-12	-6	3	
-16	-2	-1	-24	-12	12	-49	-34	
-14	-8	41	50	7	1	-3	-8	
-10	-10	77	17	30	23	59	-4	
-8	24	-64	59	35	6	-16	-9	
-26	21	-5	-30	7	-18	-128	-45	
-24	-48	-82	-53	-46	-17	84	19	
62	-1	34	-65	12	20	127	99	
16	7	16	-8	-7	-7	1	65	
-29	-15	-41	-26	-7	-5	-74	-58	
-10	25	-6	-36	4	-17	-80	-50	
-3	-13	-22	9	-116	-11	36	-10	
37	36	-14	18	40	50	-10	16	
-11	-14	60	27	-1	-52	-3	-9	
-11	4	-76	-55	-16	-27	-105	-31	
-10	-11	56	38	-2	11	22	-23	
-33	-15	-55	-7	-9	27	34	-18	
50	18	87	-24	27	14	23	52	
-17	-2	33	11	20	-33	-41	-21	
11	18	-38	18	13	38	55	-17	
15	5	2	-39	28	52	5	31	
16	-15	41	59	57	38	87	16	
39	28	41	42	9	13	25	55	
-29	-24	-46	-34	11	-1	-21	-21	
-18	11	3	6	-22	-9	-79	-51	
37	52	-36	-27	-16	-5	104	14	
9	-50	127	52	55	20	12	42	
3	-2	-9	3	-21	-19	-34	12	
9	9	-22	15	22	-5	-10	-10	
-31	-30	-52	-43	-9	2	-88	-25	
-16	27	-12	-27	17	42	39	-8	
5	10	53	2	1	-15	-23	-3	
-7	-12	55	54	3	-12	-14	-1	
-6	-13	-96	-33	-21	-44	-53	-19	
-34	0	-14	11	-42	-33	23	-49	
43	-4	-14	4	9	7	50	92	
18	15	23	-26	-1	2	-7	15	
-48	-8	10	8	-48	-95	-74	-92	
-13	-37	-71	-24	-18	84	-1	-20	
29	13	-10	-3	65	81	51	68	
34	-9	50	70	19	31	0	80	
31	14	-58	10	28	16	-6	56	
-28	-7	36	-91	-9	-51	-79	-53	
-39	-22	-128	-34	-61	-30	-73	-83	
-5	-4	47	38	-23	-12	19	-20	
-17	-2	2	-13	-4	2	-19	-14	
8	28	69	52	-4	-16	-8	-6	
-14	-21	-79	-50	-8	-32	-25	-21	
-6	-6	-17	-19	-9	-2	23	-6	
-3	-5	57	7	-39	-14	-34	-9	
-2	8	-6	24	29	42	42	19	
-25	16	-15	-27	-24	-100	-84	-76	
50	20	22	11	24	40	90	76	
-14	-9	-42	-6	34	48	18	11	
66	49	36	31	-7	-1	95	80	
-33	-71	10	31	-7	2	-91	-44	
-33	-4	-9	-63	-18	-13	-13	-42	
-8	-19	60	5	13	-6	2	5	
-6	15	-37	-70	-62	-27	-53	-36	
11	32	103	89	27	-2	-9	-5	
-7	-2	-63	-19	19	3	-12	-22	
5	9	46	12	-19	41	34	-7	
-9	-10	-36	33	53	24	2	1	
-3	-4	7	-69	-18	-31	-23	-5	
-19	-21	-23	-21	-7	13	-69	-45	
1	-4	-10	-24	-38	-22	12	18	
38	35	30	19	21	30	93	29	
7	11	66	43	43	37	73	52	
1	11	14	-3	-6	-8	-90	-32	
-46	-12	-21	24	-47	-67	-64	-86	
7	-42	-75	-14	24	30	54	63	
26	15	15	-62	-40	19	99	44	
6	12	74	22	49	46	54	9	
-1	6	-12	14	3	-34	-74	-31	
-37	-32	-52	-38	-39	-47	-125	-122	
14	41	38	54	11	25	10	84	
1	-19	-37	-5	-23	-26	-2	23	
13	13	46	44	11	17	22	26	
-10	17	-33	-9	13	-21	-25	-17	
5	-9	-16	31	60	50	-15	-7	
-12	14	1	-24	-18	4	19	-15	
20	-19	-106	-36	-25	-10	-12	26	
4	0	81	79	73	43	37	21	
16	8	-42	-40	20	1	1	-17	
-9	-2	31	-9	-5	-19	-43	7	
-8	8	32	-6	15	5	79	-27	
15	12	7	15	-35	0	55	49	
-16	-19	83	42	-19	8	-34	-31	
-14	33	-71	-15	3	-41	-11	-51	
13	-79	-37	-56	-59	11	25	83	
-7	-3	38	38	-19	17	-14	-17	
8	21	52	-6	12	7	27	24	
-3	-16	-26	28	-5	-8	-14	-12	
1	16	-9	33	-2	-12	-35	-8	
-7	19	34	-45	-8	-5	0	-12	
-6	-21	-128	-37	-5	0	-21	-10	
1	-10	-9	-36	-46	-37	-19	3	
-31	-8	62	44	-39	-76	-74	-54	
18	25	67	26	44	37	45	43	
-11	4	-66	1	35	9	10	-24	
-11	-28	-22	4	-28	9	25	-19	
-29	-19	15	-33	56	19	-60	-14	
20	10	3	-37	-24	2	23	63	
48	17	38	36	-5	37	80	72	
39	26	67	54	45	28	44	79	
9	12	30	29	38	30	-11	-28	
-27	-16	-109	-55	-53	-44	-44	-50	
-32	-7	80	6	-47	-45	-76	-58	
3	5	-55	-31	41	30	7	-14	
8	28	37	33	21	8	1	0	
-14	-28	-61	-65	23	-19	-57	-29	
-36	-14	-62	44	-61	-46	-16	-34	
25	18	93	10	37	21	-9	7	
-16	7	22	-14	-4	21	-7	11	
-5	-23	-24	21	-26	-44	1	-19	
29	21	-61	-33	16	20	30	29	
-22	-47	28	10	-6	8	8	10	
5	27	0	11	27	10	-12	-34	
-28	-39	3	-15	-28	-62	41	55	
54	54	79	58	8	47	39	67	
9	-20	-17	-48	8	5	35	46	
11	14	29	3	0	23	22	14	
-25	2	104	52	13	5	-96	-89	
-27	-24	-77	-54	-46	-70	-70	-47	
3	6	18	-4	19	17	27	10	
4	2	-32	-26	6	3	17	8	
7	21	22	3	16	7	-19	-17	
-6	1	47	69	5	-6	0	-2	
-1	23	6	-58	10	20	-29	-15	
36	1	-1	2	12	-14	-67	7	
-23	-31	-48	2	17	40	37	-30	
14	19	24	-27	-5	26	61	34	
15	1	-22	56	-43	-46	-6	4	
15	-24	-55	-43	-10	20	44	22	
-8	-51	10	39	18	0	-48	2	
-30	-23	-77	-60	-11	-34	-35	-39	
13	15	-3	0	-42	0	34	23	
18	36	95	69	50	23	52	36	
16	24	-92	-41	-26	-3	-29	4	
-20	-22	33	-34	-11	-37	-55	-49	
-60	-59	-108	-27	-26	-30	-36	-43	
11	48	52	73	6	19	42	23	
-3	-17	-98	-42	-1	-2	-13	-9	
-18	-9	75	-26	-11	0	-101	-37	
-2	-7	39	-33	-15	-30	13	-16	
6	-21	18	35	11	38	66	30	
12	41	88	35	27	11	-17	30	
43	2	-59	-26	15	16	47	44	
-10	10	28	29	-14	-10	-49	-23	
-24	-26	-50	-26	-23	-26	-40	-71	
1	-30	-17	-34	-21	-14	37	75	
-10	-4	-47	-11	0	-5	1	-4	
13	38	90	81	54	24	17	11	
-9	8	41	-60	-36	-17	10	-1	
-18	-28	-56	-4	-30	-1	-33	-33	
-5	14	112	38	15	-20	-31	-19	
4	6	-2	5	5	17	21	7	
-9	-18	-43	-67	-24	3	4	-1	
14	30	67	35	31	20	16	3	
-8	-28	-71	-11	-11	0	1	-14	
-28	-12	-3	-8	5	-1	-5	-7	
-10	-8	-18	-44	-26	-24	-7	6	
9	15	-3	9	-4	1	3	-4	
4	-3	-17	4	30	11	10	-2	
8	2	2	-13	-13	11	1	-5	
3	-10	-35	0	2	3	17	21	
-3	2	19	7	-13	-27	-8	-6	
-6	-3	56	22	1	-9	-14	-9	
-1	-13	-95	-51	-16	-8	-8	2	
2	4	30	27	10	6	28	20	
17	21	34	19	16	10	0	-4	
-6	3	35	8	4	-1	5	-3	
3	-5	-11	-9	-3	3	4	2	
6	-6	-47	-18	-11	1	9	9	
6	14	22	8	15	10	15	2	
-9	-12	-34	-17	2	10	-8	-7	
2	-1	13	2	-10	-23	-12	1	
-1	-5	-18	2	6	5	7	5	
0	5	27	17	-7	-10	-12	-7	
-5	-9	-37	-16	-2	2	3	0	
5	3	13	10	6	2	-1	-4	
4	8	49	20	1	-2	-4	8	
-5	-2	-33	-9	-8	-12	-11	-7	
-1	-7	-32	-31	2	0	-1	-1	
1	-3	19	29	6	1	-9	-4	
-1	-11	-27	-23	-3	2	8	7	
0	11	91	35	1	3	2	-1	
2	13	-12	-11	10	-2	-2	1	
-6	-15	24	0	-9	-3	-4	-4	
-2	-3	-14	21	5	6	4	5	
1	-7	-30	-17	0	1	-4	-6	
0	2	12	5	6	15	3	4	
4	5	-12	-9	7	23	16	2	
4	-3	-26	-9	1	-3	1	7	
-2	-2	-3	5	-4	6	2	-3	
-4	-5	42	22	-4	-8	-4	-4	
2	15	0	8	-1	-6	-3	2	
0	-14	-99	-29	1	5	1	1	
0	10	48	17	1	0	-2	-2	
-3	-4	-47	-29	-1	-7	-5	-2	
3	-6	19	9	-1	-3	-2	-3	
-4	-1	35	13	-3	-11	-8	-5	
1	7	-11	-8	-1	-1	-1	0	
-3	-5	-4	23	7	10	6	0	
-1	-1	-3	-15	-2	23	12	1	
1	0	-20	-19	-3	-5	-4	-3	
-1	0	12	11	1	3	1	1	
0	-3	9	8	0	0	3	0	
-4	2	-4	-5	-4	-21	-11	-1	
-1	2	20	4	1	-9	-8	0	
4	0	-19	-11	3	11	16	2	
-2	-5	-10	-4	-8	-7	-10	-3	
1	-4	-6	-3	-2	-10	-1	1	
1	6	22	4	1	0	4	0	
-1	-2	-8	-5	-4	-6	-7	-4	
0	3	8	4	-2	2	0	0	
-2	1	-1	-3	0	1	-1	0	
0	1	11	7	2	4	0	0	
-1	0	-14	-10	-1	-4	-3	-1	
-2	-2	-2	-2	-1	-7	-1	-1	
0	0	-3	-3	-3	2	-4	0	
0	2	7	3	-4	5	0	0	
-1	-2	-9	-8	0	6	-3	0	
-1	-2	-5	-2	-3	1	1	-1	
0	-1	0	-1	1	-5	-4	-1	
-1	1	6	3	1	0	-2	-2	
-2	-1	-8	-8	-3	-4	0	-1	
1	0	1	0	-1	0	2	0	
-2	1	-1	0	-1	2	2	0	
0	0	4	2	-1	-2	0	-1	
0	-2	-4	0	3	-7	-10	-1	
-2	0	-1	-1	-3	-2	-3	-2	
2	0	-1	-3	-3	-2	-3	-1	
-1	-1	3	1	1	3	4	-1	
-4	-6	-7	-4	-9	-28	-22	-6	
2	2	1	1	3	9	5	1	
-2	-1	2	2	-2	-3	-1	-1	
-1	1	-4	-1	0	2	4	-1	
-2	-2	-5	-3	-1	-10	-4	-2	
-2	-3	-2	-1	-1	0	-2	-2	
1	-1	2	4	0	-2	1	-1	
-2	0	2	2	0	-9	-6	0	
1	-2	-2	-2	2	10	7	1	
-2	0	-1	-3	-3	-5	-3	0	
0	1	1	-1	-1	1	4	0	
0	-1	1	0	-3	-1	-2	-2	
1	-1	1	-3	3	8	5	2	
0	0	1	0	-2	1	-2	1	
-2	0	-1	-1	-2	-5	-4	-3	
0	0	1	1	-1	0	1	-2	
0	-3	-5	-2	0	6	5	2	
-2	-1	-1	-1	-2	-2	2	0	
0	1	-1	0	-1	-2	-5	0	
-1	-2	-1	2	3	-5	-4	-1	
0	0	1	0	1	5	4	-1	
-2	-3	-1	-2	0	0	1	-1	
-2	-2	-2	0	-1	2	2	1	
0	0	1	0	0	0	0	0	
-1	0	-1	-2	-3	0	-1	0	
-1	-1	-2	-1	-1	-5	-5	-2	
1	-2	-1	-2	1	-6	-6	2	
