-1	2	2	-4	0	1	1	-1	
-2	0	1	2	-2	1	-1	0	
-1	-1	-7	-5	0	-4	-2	0	
2	2	-2	0	2	-1	-1	1	
-1	-3	-4	-7	-10	-1	-1	-1	
0	1	-1	-3	-2	-2	-3	0	
0	-1	3	-1	-8	1	-2	0	
-3	-2	0	-1	1	0	-2	-4	
0	1	-3	1	2	-2	-1	0	
-1	-5	1	1	2	0	-1	-1	
-1	-2	-2	-2	-2	0	0	-1	
-1	0	4	-3	-2	-1	-1	0	
-1	-1	-5	11	8	-2	-3	-2	
0	0	-3	-5	2	2	0	1	
1	-2	1	2	-1	-3	0	-1	
0	-3	-13	-2	-2	-2	-2	-2	
0	1	20	-11	-8	0	0	0	
-3	-3	-21	-7	-4	-2	-2	0	
1	0	23	13	10	1	-1	-1	
2	8	2	4	-8	-2	0	0	
-2	-4	-15	-3	-5	0	-2	-2	
-2	-2	-5	0	4	-2	1	-1	
0	-1	0	-8	-10	0	0	2	
-8	-13	2	-6	-1	0	2	-5	
5	11	-1	1	5	0	-3	-12	
3	5	20	-10	-7	0	-2	-2	
-5	3	-2	18	6	-4	-4	-5	
4	10	14	1	0	-2	-3	-28	
-9	-12	-16	-8	0	2	6	45	
-5	-18	-20	-6	-5	-4	-5	0	
5	6	10	0	7	-3	-7	-18	
-6	-5	-6	2	0	1	-1	0	
-4	-7	1	-7	-3	-3	2	-26	
3	15	41	18	6	5	7	-5	
-6	2	-21	-14	-3	-1	-10	-33	
26	16	-7	2	2	1	16	97	
-31	-13	-28	-5	-3	-2	4	23	
13	-28	37	7	2	-4	-6	-7	
1	-38	-40	-3	-8	0	10	46	
33	63	20	3	3	2	-6	20	
-34	-23	-1	31	3	-3	-8	-45	
-27	-24	-20	-4	7	-5	-13	-63	
41	47	11	-1	0	8	20	78	
49	10	19	-21	-4	-1	-4	2	
32	15	-12	-35	5	8	6	-14	
-64	-70	-10	52	-13	-8	-7	9	
-5	0	18	1	1	7	6	-11	
-44	-23	-16	-53	-7	-7	-21	-83	
-6	-3	4	61	-14	-4	-22	-84	
20	14	-10	-107	-8	-3	1	8	
8	18	11	102	45	1	-3	-57	
-36	-45	-10	-18	-22	0	-26	-75	
50	29	-7	17	5	1	26	91	
-15	17	-13	-86	1	-9	-29	-93	
-14	-28	-14	-17	-16	-3	14	45	
-33	-26	-6	-4	9	1	-1	-87	
28	36	24	2	3	8	18	39	
23	11	10	52	-14	7	27	72	
-24	-6	-7	-39	9	-12	-45	-87	
-5	-2	-25	7	2	-5	-9	1	
10	20	61	32	22	6	18	18	
38	44	6	55	5	3	31	60	
-36	-20	6	-38	-54	-14	-36	-53	
-7	-12	1	38	1	-5	4	20	
-4	-10	-17	-63	5	-1	-2	-3	
-2	-9	-21	48	-2	2	-3	1	
22	11	52	-4	23	10	15	53	
-19	-9	12	8	13	-2	-15	-43	
-14	-4	8	-28	-15	-6	-22	-27	
19	18	-10	-2	4	7	25	40	
4	5	7	35	8	7	13	9	
24	10	-4	-20	2	0	3	67	
-26	-19	1	31	7	-11	-22	-61	
-9	9	-20	2	-62	-5	-15	-67	
29	29	30	52	47	8	39	91	
0	-14	-10	-9	7	7	18	18	
-22	-29	-25	-54	-11	-18	-18	-35	
8	-1	17	9	23	-1	-16	17	
-30	1	-20	-8	-8	-9	-21	-92	
23	8	14	-26	-21	11	41	34	
3	-5	-31	-8	-13	7	15	46	
6	2	17	83	15	7	4	-9	
-6	-11	-3	21	11	-5	-19	-5	
-11	-1	-13	-29	-3	-7	-12	-28	
10	-7	1	-7	-9	-2	-6	-10	
-15	0	-13	-32	-2	-3	-3	-9	
11	3	4	-39	-7	19	39	26	
-1	-2	-23	-44	-4	-10	-5	5	
3	-8	11	58	14	3	-9	23	
-7	11	-4	-70	12	-3	-14	-57	
-7	-19	-12	18	-20	-16	-9	-7	
7	20	7	81	-15	8	8	-8	
11	8	4	-24	6	1	16	5	
-22	-20	-20	-55	3	-6	-20	-11	
-6	-1	0	-20	0	-5	-21	-25	
-7	-12	19	10	-2	-7	-10	-17	
10	13	-29	41	-6	4	32	23	
13	17	56	57	-5	14	32	45	
-6	-5	17	-57	-5	0	2	-12	
-2	-2	-8	1	41	0	-20	-4	
-17	-5	-15	-72	-22	-2	-31	-60	
26	5	10	97	-9	-20	10	36	
0	3	-7	-22	-19	2	-4	-7	
1	3	1	-20	22	-1	-9	1	
-14	-9	-18	-17	-5	-1	-17	-13	
-10	-21	-3	-51	6	6	0	-31	
14	-5	1	70	8	3	32	64	
-19	-14	-4	-11	-33	-14	-11	-15	
5	10	30	69	33	7	8	1	
-6	5	-20	-58	3	-4	-18	6	
-13	-10	-16	33	-9	-12	-24	-35	
3	1	16	37	11	4	13	-3	
6	8	-7	-76	-49	-9	-11	-3	
1	0	13	94	40	-3	-12	-37	
6	3	-34	-128	1	11	3	-12	
-29	-21	-16	34	0	0	6	-35	
12	5	-13	-10	-29	0	25	37	
-7	-7	29	20	4	7	16	-3	
0	-26	-20	0	0	-1	-8	26	
18	41	19	-36	15	1	-15	19	
-7	-11	-25	-67	-26	-5	-9	-27	
-2	13	-5	-1	13	1	-6	-1	
-12	-17	3	89	19	-3	-3	-13	
8	-1	-16	11	18	2	-6	12	
10	2	29	32	-1	2	8	-6	
1	-1	-46	-78	28	14	21	21	
-2	11	13	-3	-10	-2	-2	6	
19	-3	-4	-14	-38	2	26	61	
-18	-10	22	59	43	0	-18	-67	
-6	-9	-28	-18	-39	-4	-8	82	
6	23	33	-10	-13	-14	-7	15	
-1	-29	0	7	-4	5	6	21	
14	16	-6	-22	20	4	-12	8	
3	-1	-2	-44	-23	-3	9	3	
5	2	-28	0	8	5	1	-25	
-3	0	43	47	-6	-5	1	20	
-11	-11	-19	-22	21	3	3	-4	
1	14	21	7	27	-2	-11	-25	
6	-5	5	8	-92	1	27	-14	
7	-5	-19	-56	-2	3	4	50	
-8	-7	5	127	21	-5	-5	10	
23	22	29	-25	8	7	0	19	
-45	-15	-22	-91	1	-17	-44	-82	
13	21	0	-7	-35	6	19	3	
-4	-3	23	59	11	0	9	10	
13	-6	-19	-95	-26	-5	7	37	
-23	-29	-19	113	31	1	-15	-28	
-17	1	-12	-6	6	-9	-27	-60	
-2	-14	-17	-128	-47	-15	-21	12	
15	1	16	-5	-30	-4	15	47	
-6	5	14	39	10	9	6	-13	
-3	-3	-27	25	28	3	15	30	
3	8	-6	-9	9	3	6	18	
1	-22	-6	-69	-13	-7	-8	-21	
1	10	-27	-33	28	1	-18	-27	
-7	10	41	73	1	1	1	13	
-8	-6	-16	-28	-12	-4	0	28	
-19	-16	-14	-5	-9	-8	-13	-40	
10	1	7	15	-6	-5	5	8	
6	1	-16	-15	16	2	4	-22	
-12	-5	11	14	25	0	-12	-18	
15	-6	-6	59	17	15	32	19	
9	14	14	-92	-70	-6	11	28	
0	5	4	28	8	3	-11	-17	
10	-1	26	-24	14	1	-1	50	
-44	-17	-18	19	-1	-17	-44	-103	
-6	-11	-31	-3	37	1	-10	-24	
17	12	35	7	-39	-4	18	40	
1	0	1	75	3	9	22	18	
9	0	-16	-22	21	7	0	27	
-13	-6	-7	-38	1	-12	-21	-31	
-1	6	-20	-35	-14	-2	4	-11	
8	-3	32	30	-17	0	2	-1	
-10	-7	-19	-17	0	-7	-12	5	
-3	-24	-5	1	-5	-3	9	13	
6	35	-5	-27	22	5	-3	-18	
4	5	12	60	-8	-3	2	-2	
5	-1	-11	-25	-38	-3	14	36	
4	11	26	-13	22	6	3	24	
-9	-17	12	24	8	-3	-15	-13	
6	2	-35	-91	25	9	2	-35	
-17	3	4	118	14	-10	-18	-49	
21	13	13	-88	-17	2	12	34	
-14	-18	-43	96	-52	-20	-13	-18	
24	19	61	-75	24	20	17	9	
-21	-8	4	110	11	-3	-10	-59	
22	11	-8	-54	43	7	0	78	
-45	-29	-43	-50	-15	-16	-45	-90	
-9	-15	-11	-40	-61	-2	37	20	
12	-12	11	46	8	7	23	90	
35	52	7	38	-5	0	9	26	
2	11	15	-44	15	7	12	-12	
4	-1	-29	72	-21	-12	-12	-3	
-13	21	58	-8	14	7	-8	-56	
-24	-26	-29	14	-24	-8	-16	-3	
9	-28	-2	-18	26	1	1	-7	
-5	-1	-19	-57	9	-4	-10	-27	
14	2	-39	-9	0	2	11	43	
0	-3	20	-3	1	-1	4	33	
-12	5	35	-15	-13	-3	-7	-25	
-10	-3	19	101	22	0	-10	-23	
-7	-4	-18	-58	24	-6	-25	-30	
35	25	-1	26	16	25	45	72	
-16	-24	-43	-63	-18	-12	-1	13	
-2	-17	-13	-5	-21	-10	1	-13	
7	34	14	-6	-1	-3	-13	-4	
-8	-4	2	-7	-8	1	1	-35	
12	10	11	61	29	11	12	28	
-12	-4	16	-40	-2	-8	-23	-21	
33	6	-15	26	12	16	30	77	
-41	-35	-4	-17	-20	-12	-19	-85	
-6	1	-8	4	0	2	4	-19	
2	0	-36	-45	11	-3	-6	1	
-25	-3	26	65	-37	-12	-29	-52	
24	13	30	-3	-4	8	23	36	
11	7	34	62	64	11	14	52	
-16	-3	-19	-64	-60	-14	-21	-2	
5	-6	-3	4	-26	-4	24	6	
-10	-16	-56	64	48	1	-13	-27	
8	3	58	-79	-41	0	-5	9	
8	7	18	17	14	-2	-2	5	
-16	-16	-6	-45	10	0	-16	-11	
4	12	62	98	-10	-1	7	-8	
24	43	-32	-37	35	10	9	4	
12	-3	-17	-56	13	11	0	42	
-2	11	9	-92	-63	-10	-1	-66	
-18	-23	-8	50	6	-3	-13	-15	
-16	-14	3	15	-8	-1	-4	-90	
21	20	3	8	19	8	37	80	
-12	-6	-5	0	14	-1	-15	-72	
4	7	9	-40	1	3	1	0	
-10	-10	12	53	-13	-9	-8	18	
-6	-8	-14	-38	12	-1	-5	-8	
5	-8	-19	-34	20	9	6	31	
-13	-2	-22	-8	-22	-9	-14	-35	
31	24	6	-3	19	9	29	54	
-22	-44	-10	-1	-2	-11	-18	-48	
4	0	4	-41	-3	5	3	30	
-5	-5	-20	-16	-9	-3	-2	-16	
17	3	3	45	54	12	18	76	
-31	-7	-9	-26	-77	-16	-21	-69	
9	0	-29	27	1	-6	10	10	
-6	2	22	-56	7	-1	-11	-9	
-5	-11	-14	56	15	2	-1	-7	
-3	10	-14	-6	42	9	-7	0	
7	1	15	39	-2	5	10	-10	
23	5	-35	-96	-62	-5	28	51	
-5	0	16	9	-15	-1	-4	-35	
4	5	22	45	12	-1	-12	-52	
-3	15	-7	0	5	-3	-11	31	
15	6	13	36	30	17	40	47	
-14	-23	-13	-52	-36	-11	-16	-30	
11	16	24	63	12	1	11	47	
-12	-10	13	26	-2	-6	-13	-30	
0	0	-19	-35	38	4	-12	-5	
-5	-12	5	-13	-11	1	-3	7	
18	17	-2	-11	-53	-5	14	32	
-26	-10	-12	-24	6	-14	-47	-54	
5	2	11	48	-27	4	0	4	
-25	-13	-32	-23	9	-18	-26	-43	
4	-5	-4	17	4	1	15	16	
10	1	27	-11	-6	5	28	48	
3	6	-3	-15	18	3	2	-13	
-1	-4	-12	-36	-12	-3	-9	-3	
-2	1	-2	29	6	-3	-9	-6	
-39	-7	-10	-11	4	-1	6	-21	
-20	-6	1	18	5	-9	30	-48	
62	7	-1	9	-10	3	-22	25	
-16	-6	-4	-16	1	-9	-66	-27	
-20	11	0	-7	14	15	53	62	
-52	-17	-16	23	-18	-13	24	-3	
30	-5	11	-3	-27	-23	26	-69	
7	24	13	36	27	20	-72	68	
123	15	11	-67	-6	7	84	73	
87	0	-4	-49	6	7	60	101	
-77	-3	-28	15	-1	9	75	70	
-24	-34	-27	41	-11	-17	-70	-116	
53	24	22	79	27	22	53	13	
76	28	57	-42	-12	1	-103	64	
-26	-3	3	-35	-10	-3	62	-56	
-71	-5	-19	18	10	-11	18	-99	
-73	-36	-44	4	-14	-7	-41	-20	
33	11	-11	47	2	-2	40	1	
30	9	26	-7	1	6	-46	35	
6	-4	-3	86	0	-2	10	19	
0	-6	-5	-114	-12	-6	-7	-47	
-36	9	70	62	21	4	-31	-37	
-11	0	1	76	6	2	-46	14	
21	1	-6	-81	-5	0	66	21	
9	2	-19	-1	0	-3	-20	-3	
-46	-17	-39	0	-10	-9	-37	-33	
-3	-2	-6	-64	-12	0	-10	6	
26	8	28	34	8	5	46	17	
-17	-7	-2	18	2	-4	-33	-6	
-16	-3	1	3	-6	-6	-22	-24	
5	1	-9	-12	-3	0	8	-5	
7	5	7	-19	9	6	16	24	
-9	0	19	38	-2	-6	-29	-9	
-15	-7	-27	-26	1	-1	10	-27	
1	0	-1	-12	-3	-2	-4	6	
0	0	1	-14	5	2	7	15	
-4	-2	3	20	-2	-1	-10	-7	
-8	-2	12	-1	0	-1	4	-19	
-1	4	5	-6	1	2	-10	5	
4	0	21	13	4	2	5	9	
4	3	4	20	7	1	4	-7	
-12	-7	-16	8	-4	-5	-8	-13	
-1	1	-7	-11	1	0	-8	2	
4	3	9	-17	-8	0	16	3	
-1	-3	-12	-58	-3	-3	-7	-3	
-10	-2	-8	21	3	0	-6	-6	
2	0	-4	-18	-9	0	0	3	
4	0	-1	13	4	0	10	4	
-5	-1	0	14	-4	-3	-8	-3	
-7	-2	-1	-7	-4	0	-4	-6	
0	-2	-7	-6	0	-1	2	-6	
0	-1	1	-18	-2	1	4	3	
-9	-5	-4	42	1	-3	-10	-13	
1	7	21	7	6	2	2	-7	
9	0	-11	-20	0	3	6	23	
-2	-3	-7	-9	-4	-1	-1	0	
-1	-2	5	5	-1	-3	-3	1	
-4	-7	-8	10	-4	-3	0	-9	
-5	0	5	33	1	-4	-8	-9	
1	0	-8	-31	0	2	4	6	
1	2	12	-4	-1	-2	1	-2	
-2	2	1	3	-1	-1	-1	-3	
-3	-5	-5	-10	-2	-1	-5	-4	
1	0	-8	-10	-2	-2	4	1	
2	4	19	20	3	1	-1	0	
-3	-4	-14	-5	-3	-1	-2	1	
-3	-2	-3	-2	1	0	-1	-1	
0	-1	-5	-5	-3	1	-1	0	
-1	-1	-4	-2	-2	-1	-1	0	
-4	-1	-4	-52	-6	-3	-2	0	
-3	-4	4	77	-2	-4	-3	-6	
0	0	5	70	7	0	0	1	
3	3	-3	-56	3	3	2	1	
-2	-3	-7	-7	-2	-2	1	-1	
-1	-1	1	-12	-5	-1	-3	-2	
-2	-3	0	10	-4	-2	-4	-1	
-2	-1	-3	21	-1	-4	-3	0	
0	0	-2	-6	-1	0	0	-2	
0	-1	-4	-7	1	1	-2	-2	
1	0	4	-14	0	0	1	1	
0	0	-4	-4	-2	-2	-3	-1	
-1	-1	0	-9	1	1	-1	-1	
-1	1	2	37	2	0	-1	-1	
1	4	3	-32	3	1	3	1	
-2	-4	-5	-7	-5	0	-1	-2	
-2	-2	1	14	-2	-1	0	-2	
-4	-2	-4	-9	5	1	0	-1	
2	5	9	-15	-3	-2	-2	1	
-2	-2	-1	14	3	1	0	0	
-1	0	-2	3	-1	-1	-1	0	
-1	-1	-3	-19	-2	0	1	-1	
0	-3	-5	0	0	-1	-1	0	
0	0	-4	-3	-3	-2	1	-1	
-1	2	2	5	1	0	-2	-1	
2	0	5	-7	1	0	-1	0	
-2	-1	-1	-2	-2	1	0	-1	
1	1	-7	2	0	-1	-1	1	
-3	-2	-11	-7	-4	-1	-2	-1	
-1	1	14	17	6	-1	-1	-2	
1	1	-3	-33	-8	-1	1	1	
-2	-2	7	27	1	0	0	-5	
0	0	-4	-11	3	0	-1	0	
-2	-2	-4	-16	-3	0	-1	-1	
-2	-2	-7	4	0	-1	0	0	
-2	-1	2	-9	-1	-2	-1	0	
1	-2	-10	-3	-4	-1	0	-3	
1	3	11	35	3	1	0	-1	
-2	-2	-2	-25	-2	-1	0	-2	
0	1	-1	38	1	-1	1	0	
-1	-3	2	7	2	0	-1	0	
1	0	-6	-24	-2	-1	1	3	
0	-3	-7	5	0	-1	-2	-3	
-1	0	3	-13	-1	1	-2	-2	
0	2	10	15	-1	-2	1	-2	
-1	-2	-6	-13	-4	-1	-2	-1	
-2	-3	-1	11	1	0	-1	0	
-1	-2	1	4	1	1	0	-1	
-1	-1	0	-2	-1	-3	-1	1	
0	1	-6	-21	-2	-3	0	0	
0	1	3	13	0	-1	0	-1	
0	-3	-2	-4	-2	-2	-1	-1	
-2	-2	-5	-4	1	2	0	-1	
-1	1	3	-12	-4	-1	-2	-2	
-1	-1	-3	26	2	0	-1	-1	
-1	0	-1	-35	-4	-3	-1	-2	
2	3	8	37	5	0	0	0	
0	0	2	27	1	1	1	-1	
-2	-1	0	-1	-1	0	-1	-1	
-1	1	-9	-23	-3	0	-1	-1	
-1	0	2	-8	-1	0	-1	-3	
-1	-2	-4	-13	-1	-1	0	0	
0	-1	-1	-8	-3	-2	1	-1	
-1	-3	-1	30	4	-1	-1	0	
1	1	9	-18	-5	-2	0	1	
-1	-1	-6	3	2	0	-2	-1	
