-1	-1	0	-2	-2	-1	-2	0	
-1	0	-2	-1	0	1	1	-1	
-1	3	-2	-3	-1	-1	0	0	
-3	-2	-1	-1	0	-1	0	-3	
1	0	0	-1	0	1	1	0	
-1	0	0	0	-3	-3	0	0	
0	0	-1	1	0	-1	0	0	
-1	0	0	-1	0	1	0	-1	
-2	-2	-3	-1	0	-1	0	-1	
-2	0	4	3	3	1	-1	-2	
2	2	-2	-3	-2	-3	0	1	
-2	0	-2	-3	-1	-2	-2	-1	
0	-7	-1	0	0	0	0	-2	
-1	-1	-2	-1	-2	1	-1	-2	
-5	-17	-8	-1	-1	-1	-1	-1	
6	20	15	1	1	0	1	3	
-1	-7	0	7	0	-1	0	2	
3	5	-2	-10	-4	2	1	0	
-2	-5	-8	-4	1	-1	0	0	
-7	-3	-5	-4	-2	-1	-2	-7	
-3	-3	-9	-5	-4	-3	-1	5	
-33	-22	-9	-3	-5	-4	-4	-5	
34	3	-30	-9	0	2	-3	-28	
4	-2	22	34	18	-3	4	41	
11	10	2	-1	3	4	5	30	
5	32	3	7	6	2	3	25	
-10	5	8	-11	-7	-5	-1	-18	
-10	-65	-85	-29	-24	-5	-9	-46	
-37	-19	-14	-21	-12	-4	-8	-50	
-23	-4	11	14	8	0	32	-96	
24	-6	15	20	10	9	-18	92	
-2	44	24	-3	7	14	26	22	
21	27	-2	0	-10	-2	17	22	
-12	-18	-8	-20	-3	-8	-26	-36	
-8	-6	64	18	12	-5	-10	-85	
-8	16	-24	6	-2	-4	-11	-15	
44	2	17	-13	2	7	-15	49	
-42	19	-7	-16	-17	-6	88	-99	
108	29	-12	-21	-7	5	-13	91	
-41	-48	-23	8	4	6	-48	11	
-115	-13	36	8	7	1	61	48	
32	4	0	17	15	19	-6	62	
-47	-22	-48	-17	-19	-25	-10	-23	
61	33	55	21	14	8	-54	-111	
-13	22	-15	-4	-4	-9	-82	3	
45	-85	40	7	2	-1	14	48	
-116	0	-88	-19	-6	-3	56	-99	
34	-15	40	0	-4	-6	11	109	
51	45	-3	9	-3	-12	-21	-128	
-74	23	33	9	3	4	-19	115	
121	1	35	12	3	8	78	81	
-128	-68	-52	-27	-11	-5	89	-80	
68	88	45	44	42	45	3	-20	
-90	-74	-49	-28	-28	-32	-102	-69	
55	25	39	11	10	11	-87	-32	
-55	-6	-5	-5	-7	12	127	100	
50	1	13	4	1	-7	44	-15	
-18	50	-34	-11	-5	1	37	-85	
-128	-46	5	10	-1	-23	-96	-128	
80	7	39	-20	-16	-14	47	-53	
-18	-32	-89	-43	-14	3	78	-17	
-53	17	-8	31	12	2	-24	-20	
84	42	57	11	9	24	88	127	
-28	-3	-7	0	-1	-6	-114	-54	
-128	-86	-39	-21	-18	-24	87	-63	
7	87	45	25	33	64	66	54	
75	-27	-29	-30	-21	-16	-90	91	
-72	17	-23	13	-2	-40	76	-116	
19	-18	-2	4	2	16	-100	1	
15	-37	2	0	2	-8	92	22	
-89	22	7	19	6	2	68	-104	
67	9	19	4	16	33	94	127	
10	-42	-10	-8	-7	-19	-121	52	
127	33	-18	-22	-20	-24	-112	67	
3	-32	-15	-15	-6	-12	14	15	
-29	2	9	-10	-6	9	46	-50	
-85	-2	16	6	11	17	60	-55	
127	42	12	5	6	12	21	64	
-126	-49	-21	2	-6	-11	44	-103	
61	55	52	12	6	-6	-128	-13	
118	-5	-11	7	-1	-4	110	-5	
-21	-24	27	-8	-12	-13	16	31	
8	18	-1	15	10	18	-3	-66	
-50	-3	-42	-30	-13	-19	-48	-41	
-18	-56	-19	-2	-9	-11	18	-39	
3	-13	0	6	-2	-12	-48	-60	
-53	-26	-13	-18	-12	-25	46	-19	
44	-6	-19	-2	8	34	15	105	
119	20	-2	-6	-9	5	108	101	
-26	-1	-44	-19	-13	-23	-20	-128	
-108	-2	74	19	21	32	31	-67	
51	-18	-8	-6	-11	-21	79	-24	
-73	-11	-27	-17	-3	-1	-128	-40	
-63	-12	17	12	0	-9	127	-10	
8	18	-26	-12	-3	17	-23	11	
-75	27	4	21	1	-3	12	7	
-86	20	67	24	7	-4	21	10	
-12	4	-6	-12	0	2	70	-32	
39	18	-31	-20	-6	-20	-128	-79	
-29	-1	15	3	9	37	119	120	
-98	-37	-21	-10	-21	-48	66	-112	
-58	-29	7	-14	-3	-14	-99	-22	
13	-10	-26	-18	-10	9	127	-1	
127	44	-1	29	15	5	-127	14	
27	-9	22	-15	-8	-2	8	-28	
10	-3	-17	5	0	-3	-55	1	
41	53	67	1	-9	-8	-56	95	
-75	-66	-50	-7	-4	-9	-127	-128	
81	5	-61	-5	0	8	-9	46	
-47	15	5	18	14	16	40	-28	
-14	-37	-13	-1	0	-1	-80	-52	
-9	-31	14	-21	-17	-10	127	-95	
48	66	23	25	21	21	-113	106	
15	-6	22	7	-3	0	32	-7	
-18	-3	-9	5	-6	-27	-26	-90	
18	13	13	7	6	-2	18	93	
18	-5	-2	2	6	12	24	56	
-27	-2	-8	-8	-2	5	87	46	
-22	13	-9	3	5	0	77	55	
34	12	22	18	19	25	-57	74	
-103	-32	-8	-6	-5	3	-20	-87	
116	8	-14	0	8	30	-57	-113	
-63	-1	24	16	3	-3	-62	1	
-23	26	20	-14	-7	-13	101	-102	
-23	19	-9	7	5	-10	27	-17	
-52	-11	11	-18	-9	-12	-5	8	
75	10	-24	2	0	8	2	24	
-112	13	-5	20	9	4	-126	2	
76	-10	61	10	1	4	74	-21	
62	9	-12	-12	-8	-9	-94	70	
50	7	14	5	7	7	11	60	
27	-1	-22	-11	-11	-15	-4	63	
-9	31	73	14	8	12	58	27	
44	-17	-13	-15	-12	-14	-16	12	
-109	-12	19	7	-2	-26	-48	-2	
-25	9	-41	-14	7	17	4	-10	
30	5	-17	15	1	-2	18	17	
36	35	-6	1	1	2	90	18	
-7	11	24	13	0	8	127	-16	
-23	-30	-1	-27	-20	-27	-104	-110	
77	76	9	13	16	16	59	81	
-90	-43	-46	-19	-12	-19	-68	-109	
102	5	32	-5	-3	23	78	105	
42	28	-31	-26	-6	9	-51	-16	
63	11	70	24	2	-1	31	-94	
-46	-23	27	27	10	4	127	-64	
16	-34	-63	-16	-9	-8	-74	-117	
-22	-25	0	5	-9	-21	119	-29	
-128	-20	-32	-41	-6	9	5	-46	
2	53	29	29	17	6	82	-14	
-18	-62	-37	-14	-8	-17	74	-56	
25	-15	16	6	-8	-9	104	22	
18	11	-30	-49	0	1	-48	54	
-116	-26	18	65	4	-9	35	69	
-8	-17	-30	3	6	0	-119	12	
49	-11	15	13	-4	-13	-63	-67	
-20	53	42	11	14	18	102	51	
50	-15	-8	-44	-3	14	-105	14	
120	26	4	18	6	12	82	126	
29	47	-3	-1	17	16	-5	-83	
-120	-72	-44	-4	-15	-15	-111	22	
65	27	9	2	5	-1	28	55	
-94	5	36	17	5	12	37	15	
47	-48	-51	-44	-15	-14	-34	-26	
110	53	-21	-17	3	7	20	53	
-73	-51	-47	-40	-14	-26	-85	-120	
-1	1	34	23	4	-18	9	-34	
46	61	-21	10	3	3	-6	61	
-28	-1	34	11	-4	1	34	8	
7	-1	-19	-17	-8	-16	-101	-86	
-28	-13	-16	-23	-9	-2	43	28	
-35	-1	-10	-45	-14	-25	-29	-15	
-34	-10	-68	38	8	4	-24	-78	
70	44	44	53	15	12	9	38	
-84	-19	-17	-10	7	19	-42	29	
76	9	69	44	9	7	109	72	
-39	-65	-33	-22	-9	-5	68	-75	
-34	-24	-9	-13	-9	-9	-2	-47	
34	55	20	-2	-1	-12	55	-101	
-57	-20	-19	-19	-3	5	29	42	
57	-2	40	-4	-11	-22	2	-49	
-11	2	3	-26	-6	0	-21	-5	
-32	45	49	61	18	16	-13	10	
-128	-85	-39	-43	-14	-6	2	-74	
-35	36	30	17	-7	-18	91	-10	
35	-22	-35	-40	-11	-2	15	-45	
59	17	-17	-24	-3	-12	-67	27	
-92	-14	65	34	8	14	-33	-18	
-49	-25	-89	-30	-19	-37	-128	-110	
-60	17	19	19	16	14	127	127	
-59	-64	-42	-15	-6	16	-118	-72	
24	17	-37	-22	-6	-2	127	36	
42	-1	91	50	-1	-22	-71	-107	
-63	-2	3	20	3	11	84	-58	
-1	3	31	-9	-7	-11	101	-20	
21	12	-49	-25	-1	8	-2	-43	
-73	-29	-11	-14	-6	-25	-120	-103	
71	0	-46	-3	2	6	-46	48	
-23	23	43	51	3	7	89	52	
-3	-14	33	16	11	8	1	18	
-11	1	-7	-4	6	9	-4	106	
-4	-21	1	-22	-9	3	45	-49	
119	17	-28	-31	-1	7	12	-77	
-20	31	-21	15	-2	-26	74	-7	
127	-16	62	26	10	22	-32	127	
-2	-25	15	11	-4	-3	57	-89	
-68	-22	-31	-25	-4	4	-37	-77	
-37	-11	8	27	2	1	88	99	
61	31	-14	-25	-4	10	75	79	
-39	-15	-27	-29	-1	6	-63	45	
30	34	-30	31	1	-17	29	80	
-74	-31	9	16	5	6	-66	7	
-41	14	-25	-23	9	18	72	-55	
38	21	14	6	1	8	-20	127	
-14	0	17	-10	-2	8	84	29	
1	12	22	23	-9	-28	-51	-55	
-29	-12	-57	-16	12	39	-17	-46	
0	-42	28	9	1	-4	-39	-68	
-12	27	17	-25	-5	0	94	-64	
-33	-19	-68	6	-5	-18	-35	-128	
-21	14	86	-10	-8	2	53	-14	
32	-7	-76	-12	1	-3	18	19	
21	-13	13	1	3	9	-104	-3	
127	24	33	35	16	15	-59	-11	
-4	-35	-60	-23	-15	-18	14	-10	
-45	16	0	-2	-8	-7	96	-72	
-67	23	30	10	5	-5	-61	-35	
53	28	37	-10	6	24	127	59	
44	-16	-29	2	6	2	-70	38	
-3	4	42	40	-10	-22	-82	1	
-57	-25	-38	-23	5	20	55	-44	
-32	-6	31	8	-10	-8	-77	-59	
3	12	-20	-2	-1	-5	4	40	
-1	3	4	-20	0	-13	9	-103	
38	-23	-53	0	-14	-20	-74	-24	
68	-16	-13	-43	-8	-2	-118	-27	
-13	-9	24	-37	-3	-4	127	43	
-67	14	-8	46	8	-5	-79	-74	
-76	-35	-6	-29	-1	1	-13	-51	
-6	17	100	-18	-2	9	-38	112	
-102	-26	-41	-41	-21	-15	80	-97	
0	15	-32	17	2	-1	111	-23	
-58	-15	6	3	3	-13	-70	-11	
-52	-24	-29	4	1	-8	27	-89	
25	-13	8	-7	-3	-6	-55	-68	
34	13	-25	-15	-2	10	61	-7	
-66	-19	-9	-2	-12	-6	1	11	
70	60	10	-10	21	20	81	-9	
29	8	21	49	3	4	-76	21	
-127	-36	-2	-12	-5	-1	-13	-64	
127	48	29	16	8	8	60	30	
-51	1	-7	-36	-10	-15	-39	-1	
-36	-9	-7	12	0	2	0	-19	
3	61	38	-16	12	10	-74	109	
-18	-41	20	48	4	1	1	-43	
-20	-26	41	21	-9	-2	119	32	
66	37	-14	-11	2	-11	-103	-13	
-48	-20	-6	31	-4	-9	83	-91	
31	37	18	-26	9	2	-45	39	
-46	-23	-36	-22	2	11	69	5	
-120	-4	-57	43	-3	0	-82	-48	
122	-4	-4	-30	2	9	115	46	
-69	-22	-42	29	8	4	45	-2	
-13	-14	-6	-16	-4	-3	29	-28	
-82	-6	-20	-11	-12	-17	36	-128	
114	39	20	19	4	-2	-113	48	
-22	-31	-26	-61	-17	1	60	117	
10	-1	-67	21	-2	-2	-32	-27	
-5	-2	51	11	22	12	67	-33	
-4	-1	-37	27	-3	-16	92	15	
55	60	90	2	10	13	-66	15	
-24	-31	-29	-28	-12	-8	-71	-3	
13	-17	-75	-46	-8	6	127	49	
5	-14	76	0	-8	2	-44	41	
35	58	-5	-25	-5	-22	-62	-43	
41	8	-11	0	0	-2	71	-17	
17	-6	25	88	12	13	-28	30	
-10	-11	8	7	14	8	-12	-6	
-47	-2	-64	-24	-13	-10	82	-77	
83	4	-14	2	-4	-5	54	42	
-13	-33	-15	-37	-1	0	-19	101	
-30	-1	0	-40	-18	0	49	18	
6	-10	20	24	3	-1	-30	-39	
-24	-7	-20	11	0	-4	-16	-21	
16	9	28	11	0	-1	-4	-20	
-19	10	41	25	8	8	1	22	
11	-17	-36	-8	-4	-2	38	32	
-21	-21	-26	-82	-15	-1	-37	-4	
-9	-14	19	-10	-22	-15	-18	-7	
0	26	9	85	39	13	-43	2	
20	7	19	-107	22	5	31	-2	
-40	-6	5	0	-27	-7	-47	-2	
21	15	33	-91	-13	-6	-3	-5	
-7	-13	-37	60	22	8	6	2	
-13	-18	15	-44	55	2	9	0	
-15	13	26	108	-30	10	-3	9	
20	11	-6	-118	-39	2	12	4	
-8	-10	-20	-61	-13	-23	-22	-11	
-8	-7	-3	53	-28	5	15	11	
-24	-9	-8	-41	-11	11	-24	-12	
19	11	-5	127	44	-6	1	-8	
-10	-3	37	-73	-15	2	-17	1	
10	16	44	123	24	6	14	8	
11	27	42	-64	52	9	7	8	
-6	-11	-40	-47	-22	-3	-4	-13	
-8	-10	-24	51	16	-9	-5	1	
-5	-12	-52	-57	-14	-8	3	0	
-8	-6	-23	-40	-17	-3	-9	-5	
5	11	41	22	15	2	0	1	
-7	0	0	-91	-28	-5	-14	-5	
-8	-13	-9	28	-32	-8	0	-9	
-1	-3	-22	-2	12	3	-3	6	
-7	-12	-23	-128	-15	-10	-8	-12	
1	8	77	107	20	12	4	1	
10	9	-3	-92	4	9	10	10	
3	11	-13	15	22	1	0	6	
10	16	95	125	29	5	4	5	
-12	-22	-47	-65	-38	-7	-6	-7	
7	6	-3	85	-2	-1	6	5	
-9	-2	2	-29	15	-8	-12	-7	
1	-2	-25	-70	-20	2	-1	-2	
-1	3	-2	-21	-4	4	-1	1	
-10	-13	-2	-9	-13	-11	-6	-7	
-2	3	-4	20	7	0	-2	-1	
6	7	4	20	8	7	5	5	
0	-2	-8	-40	3	1	-1	1	
-8	-14	-33	-7	-19	-8	-3	-4	
-5	-5	1	-30	-25	-9	-7	-7	
4	6	12	73	25	3	-1	0	
1	-3	-15	-72	13	6	5	7	
-6	-8	-9	11	-10	-3	-4	-3	
1	8	22	7	5	1	-2	3	
-5	-6	-16	8	-7	-2	-2	-2	
-8	-7	-13	3	-9	-4	-5	-8	
10	10	-3	-39	-2	1	3	7	
-1	0	4	37	5	-2	-2	1	
-2	-2	7	-87	-11	-2	-1	-3	
4	6	7	110	12	6	4	3	
-5	-5	-6	-62	-2	0	1	-1	
-3	-1	-2	10	3	1	-3	-2	
0	-6	-7	14	-7	-3	-3	-3	
-3	2	0	-25	-6	1	-1	-1	
-3	-3	-10	-64	-3	-1	-1	-1	
-2	-2	2	57	-1	-3	-3	-2	
12	18	34	49	10	8	7	7	
-5	-7	-18	-95	-5	-1	-2	-4	
4	2	-2	54	4	0	1	1	
-1	3	10	29	-3	-2	-3	-1	
0	-3	-8	-3	11	-2	-2	0	
-2	-6	-25	-70	-9	-2	-1	-1	
-2	1	28	59	0	-2	-1	-2	
0	-2	-8	-30	-1	1	1	0	
-7	-10	-11	29	-11	-7	-4	-6	
8	9	5	-13	10	6	5	5	
-3	-5	-4	-20	-3	-2	-2	-1	
3	3	11	17	6	1	1	2	
-5	-9	-30	-38	-8	-4	-1	-1	
-3	-2	9	25	-8	-5	-4	-5	
-4	-3	4	33	8	0	1	-3	
3	3	6	-8	-8	0	1	2	
1	5	3	-30	7	2	-1	-1	
-2	-3	2	17	-1	-1	-1	-2	
5	14	-2	-32	-6	-4	-1	1	
-3	-2	1	36	5	1	0	0	
-1	-2	1	10	-2	1	-1	-1	
1	1	4	11	-3	-2	-3	1	
-3	-6	-6	-20	-7	0	-3	-3	
0	3	18	52	8	0	-2	-1	
-1	-1	-6	7	2	-1	-2	0	
-3	-3	-10	-32	-2	-1	0	0	
-4	-7	-8	8	-4	-2	0	-1	
-3	-2	-5	-41	0	1	-1	-2	
3	3	-3	4	4	0	1	1	
6	5	-2	10	-7	-5	-1	1	
-2	-3	2	-3	-2	-1	-1	0	
-1	1	3	-16	-3	0	0	0	
-4	-6	-13	-9	4	1	0	-4	
0	-1	-1	7	-7	-3	-1	-1	
1	1	2	15	3	-2	-2	-1	
5	1	0	-17	-1	-2	0	2	
-3	-3	-1	3	-5	-2	-1	-2	
-3	-4	2	20	3	2	0	-2	
-4	-6	-3	7	1	1	0	-2	
2	-2	-3	-22	1	0	0	0	
0	-2	-3	0	0	-2	-1	0	
-3	-3	11	18	-4	-2	-1	-1	
-1	0	3	38	5	1	-2	-2	
1	1	-19	-29	-1	2	0	0	
1	3	13	22	0	-2	1	2	
-3	-5	-10	-22	-2	-1	-3	-5	
1	1	8	-8	-3	-4	-4	-1	
-2	-2	7	17	1	-3	1	-1	
-2	-4	-6	-35	-5	-3	-1	1	
-5	-5	-9	52	1	1	-1	-2	
5	5	14	-23	1	1	1	0	
-1	-3	-8	-19	-1	0	0	-1	
-2	0	0	25	1	1	-1	1	
3	4	4	-5	-6	-3	-2	-1	
-5	-7	-14	4	1	-1	0	-1	
1	2	5	-6	-4	-1	0	-2	
