-1	-1	-1	-2	-1	-2	-2	1	
0	-2	0	0	0	0	0	0	
-1	0	-1	1	0	0	-1	0	
-1	0	0	-1	0	-1	1	-1	
2	-1	-2	-1	1	-1	-1	-1	
-1	0	-1	0	0	1	0	0	
-2	-3	-3	0	-1	-2	-2	0	
0	-1	0	-1	-2	0	1	-1	
-2	-1	-1	0	-1	-1	0	-1	
-1	-3	-1	-1	-2	-2	0	-2	
1	0	-1	0	-2	-1	-1	-1	
0	0	-1	-2	-1	0	0	0	
-2	-1	-1	1	-2	0	-1	-1	
0	-2	-1	0	-2	0	0	0	
0	-1	-2	-1	-1	-2	-1	-1	
-1	-1	-2	0	0	0	-2	-1	
-1	-1	-2	-2	0	-1	-2	0	
1	0	-2	0	-1	0	-1	0	
-1	0	1	0	0	0	0	-1	
0	-2	0	-1	0	-2	-1	-2	
-1	0	1	-2	0	-1	-1	-1	
0	-1	-1	-1	-1	-1	-1	-1	
-1	-2	-3	-2	-1	0	-1	0	
0	-1	0	-1	0	-2	1	-1	
-2	-2	-2	0	1	1	1	0	
-1	-1	-1	-3	-3	1	0	0	
0	-1	-1	-2	-1	-1	-1	-1	
-2	1	-1	-2	0	-2	-1	-2	
0	-2	-1	0	0	-2	1	0	
0	0	1	-2	-1	-1	-1	0	
-1	-2	1	-1	0	1	0	0	
-1	0	-1	0	-1	0	-1	0	
-1	0	-1	-3	-1	-1	-2	-1	
-3	0	0	1	-1	-1	-2	-2	
1	-2	0	-1	-1	-2	1	-1	
1	0	0	-1	-2	0	-3	-1	
0	1	0	1	1	1	1	0	
1	0	0	1	0	-1	-1	0	
-2	0	-2	-2	0	-1	1	-1	
-1	0	-1	2	-1	-1	0	0	
-1	0	-3	-1	-1	-2	-1	-1	
-2	0	-1	0	-1	-4	-1	1	
0	-2	1	-1	0	-1	-1	0	
-2	-2	-1	-1	-1	-2	-1	0	
0	0	-1	-1	-1	1	-1	-1	
1	0	-2	-3	0	1	-2	0	
-2	-1	-4	-1	-1	-1	-3	0	
-2	-1	-1	-3	-2	0	0	0	
-1	-2	0	-1	-2	-1	0	-2	
-2	-4	-4	-1	0	-1	1	-1	
-1	-1	-1	-2	-1	0	-3	-2	
-2	-4	-7	-5	0	0	1	-2	
2	2	5	-2	-1	0	1	0	
-1	-1	-3	-18	-3	0	-3	-2	
0	2	6	34	4	0	3	1	
-1	-2	4	1	-2	-2	0	-1	
-2	-4	-15	-21	-6	0	-3	-2	
-2	-3	3	33	-4	-3	-2	-3	
-3	-7	-24	-54	-5	-1	-5	-6	
1	4	7	-15	-9	-1	0	1	
-4	1	9	-11	3	-3	-6	-16	
10	8	5	62	36	10	12	22	
8	5	23	-58	-20	-1	5	12	
-14	-25	-12	-60	3	-11	-10	-10	
-16	-15	-20	-54	-61	-17	-11	-9	
0	14	5	86	13	6	-1	-16	
-3	-14	-29	-62	19	-7	-7	5	
29	32	26	-52	-33	20	17	37	
-15	-9	29	110	41	-8	-5	-41	
-25	-35	25	-23	-19	-5	-9	-30	
-6	14	-21	103	-32	-12	1	-9	
-4	-14	-13	-19	25	0	-8	-12	
17	11	-5	-42	-43	1	7	31	
-17	-21	-25	-46	29	-1	-2	2	
34	75	114	107	67	16	13	16	
-32	-54	-120	-68	-46	-26	-15	-24	
13	17	6	100	26	14	9	12	
-49	-93	-91	-82	-89	-35	-26	-26	
45	71	42	69	84	46	28	18	
-6	-16	-64	-55	-24	-21	-14	-10	
37	37	89	-46	-7	22	19	31	
-12	-43	-88	67	7	-12	-11	-5	
-54	-82	8	-57	-103	-37	-28	-29	
41	107	58	-10	117	53	27	25	
23	37	28	73	54	1	8	20	
6	2	15	-7	-53	-1	0	4	
-36	-80	-6	-9	-36	-22	-16	-20	
-3	0	-39	75	-15	-5	-4	-7	
-19	-11	-128	-99	-64	-52	-21	-23	
23	58	27	-71	30	19	6	10	
-23	-52	-120	-33	21	-19	-17	-18	
0	-14	7	-65	-41	21	3	6	
-15	-34	-122	-71	-50	-26	-7	-8	
21	62	104	71	82	19	9	14	
12	6	-128	-85	60	28	11	11	
12	25	73	127	-11	9	11	8	
-11	-4	40	-71	-23	-7	-11	-11	
-4	-22	-87	-83	69	24	10	5	
-23	-37	-12	127	-26	-21	-15	-16	
41	51	30	-16	42	32	28	29	
-5	-14	-65	38	-21	2	-5	-2	
-42	-68	35	-40	-80	-38	-22	-21	
27	45	32	52	53	30	13	10	
-28	-53	-79	89	-90	-35	-18	-19	
-20	-48	-52	15	29	13	-2	-4	
22	34	28	104	33	0	6	9	
18	26	-16	-128	-73	9	14	15	
-3	33	82	36	-13	-17	-11	-7	
33	56	103	-50	86	46	22	23	
1	0	22	118	12	-6	-1	1	
-22	-26	-59	99	-22	-17	-10	-11	
-10	23	58	78	-59	-36	-18	-14	
44	28	-8	89	62	40	23	30	
19	28	-98	47	16	13	8	10	
12	39	123	79	14	9	10	9	
-23	-51	-12	63	97	1	-9	-12	
-20	-45	-76	-7	-95	-16	-6	-9	
15	21	3	56	-39	-2	5	9	
19	26	-39	-110	-7	10	6	12	
0	2	12	60	54	10	4	0	
-4	9	-2	-91	30	-2	-5	-5	
13	6	27	-128	-74	-6	2	6	
-21	-23	-18	-6	-49	-13	-11	-12	
12	43	95	-128	-31	-9	4	8	
-16	-2	-58	49	38	-9	-8	-12	
-5	13	86	79	48	1	-6	-4	
-12	-33	-101	-115	-98	-13	-8	-10	
6	-7	-61	5	5	7	4	6	
-32	-61	42	86	26	-14	-15	-19	
18	33	-60	-87	0	20	19	16	
18	50	105	127	18	-8	-2	3	
-3	-23	-47	-54	-25	2	3	-1	
-6	-3	127	93	9	-3	-5	-4	
-8	-16	-60	-120	23	17	6	0	
-11	-12	-47	-21	35	-11	-7	-6	
-5	-49	-128	71	50	5	-3	0	
-7	1	15	-34	-95	-26	-7	-9	
-7	-4	-2	59	-27	-9	-8	-8	
5	7	15	-121	22	9	4	5	
-31	-50	-79	-27	-4	-17	-19	-18	
28	49	55	20	63	38	22	20	
-2	-27	-61	-128	-19	-11	-5	-4	
8	3	-92	29	-14	3	8	9	
10	27	-50	-120	24	1	6	4	
-7	31	-114	-107	-40	-6	-8	-6	
17	38	120	88	57	13	10	7	
2	-31	-85	-86	20	5	3	5	
19	53	127	116	33	27	14	11	
-13	-24	-74	18	-82	-20	-9	-9	
-13	-7	51	34	-22	-5	-9	-7	
-5	5	46	127	-18	-12	-5	-6	
-12	-41	-101	-128	15	3	-2	-4	
-11	-5	48	94	79	3	-4	-5	
31	34	-70	-20	22	11	13	14	
8	27	127	57	53	23	7	3	
-29	-65	-109	66	-16	0	-1	-8	
-11	-33	36	85	4	-13	-8	-6	
9	22	-100	16	42	4	0	1	
-25	-17	84	24	-67	-39	-21	-21	
26	10	-72	-102	6	22	19	20	
-4	-5	55	107	26	8	-5	-2	
8	14	-27	-74	-54	0	7	10	
-6	-15	-10	-42	26	-12	3	-3	
-2	17	24	65	-113	-37	-17	-11	
-4	-25	-58	20	98	29	1	-2	
-4	-1	74	-60	-92	-8	-9	-9	
-10	-22	25	-70	-21	-21	-6	-5	
13	53	127	107	94	19	3	5	
-1	-4	-53	14	-107	-38	-8	-4	
23	44	-44	85	85	26	15	16	
5	16	28	2	34	18	4	4	
-10	2	11	-12	-28	-28	-17	-17	
52	80	49	-117	84	54	34	36	
-27	-39	-82	16	-35	-45	-22	-21	
2	-9	-57	36	-6	8	4	1	
9	29	5	56	91	19	7	7	
-19	-6	46	-117	-95	-25	-14	-16	
-33	-81	-60	-80	-76	-32	-20	-21	
42	77	-45	26	119	51	26	27	
-24	-40	4	25	-50	-20	-16	-15	
10	-1	12	47	53	35	15	7	
-1	20	21	-93	-81	-63	-13	-8	
-20	-41	17	-68	-65	-4	-13	-10	
18	22	-18	81	92	16	10	9	
-4	-17	-125	-128	-111	-20	-4	-1	
-4	-2	73	-8	43	13	-3	-3	
21	48	55	55	-4	8	8	9	
-12	-46	-21	40	-25	0	-2	-6	
2	4	-32	-77	19	-12	-3	3	
13	23	71	-52	1	31	18	13	
-24	-70	-87	-5	4	-19	-17	-16	
1	3	19	26	50	11	6	3	
-9	-15	-39	127	-53	-34	-17	-15	
-13	-30	-50	-50	-55	-15	-14	-10	
10	17	-60	35	26	16	9	8	
5	34	25	-88	25	13	5	3	
-16	-50	-113	32	-84	-34	-14	-12	
2	28	41	127	67	12	3	3	
-36	-65	-83	34	28	-17	-20	-19	
25	67	64	-128	-99	-2	11	12	
-17	-19	-9	-69	87	13	-1	-7	
10	19	-56	-23	-4	8	7	5	
8	29	53	102	4	-11	-5	0	
-12	1	35	-67	-35	-2	-4	-8	
10	-2	-42	-73	-2	5	3	2	
9	20	-24	102	43	12	6	7	
17	57	85	13	5	2	0	1	
-42	-71	-29	-77	30	-15	-13	-19	
2	-26	1	5	-78	-28	-8	-3	
-28	-57	11	28	-16	-14	-17	-17	
-4	1	-84	-128	-3	-8	-3	-1	
-13	-63	-116	-30	33	14	6	2	
6	12	-13	-40	-9	-9	-6	-4	
36	68	61	95	74	35	23	20	
9	30	79	37	-58	-22	-7	1	
0	-19	-79	62	-8	-6	1	4	
-26	-45	-114	-4	41	7	0	-7	
-16	-45	-12	24	-49	-30	-18	-14	
14	-14	-111	-74	64	52	28	21	
2	6	-39	-1	-16	-27	-13	-9	
14	75	127	127	-3	3	0	4	
-18	-25	-19	-128	-44	4	1	-4	
-6	-65	-128	12	64	17	8	3	
15	46	-42	92	-102	-41	-9	1	
10	-20	-60	-128	87	33	19	15	
-12	9	75	103	13	-9	-11	-11	
-2	15	15	12	-7	-9	-2	-2	
1	-14	-15	-94	-4	9	3	1	
-1	3	49	-45	-3	-8	-2	-2	
8	4	-94	-111	-24	1	4	3	
7	15	14	82	2	0	1	0	
-2	6	122	127	52	7	0	-2	
16	64	95	-11	-31	7	9	8	
14	14	28	-128	59	32	8	5	
-22	-30	-92	2	-88	-44	-18	-15	
4	-5	-34	-8	22	13	4	4	
-8	-38	-54	69	23	-4	-4	-2	
-30	-77	-80	-42	17	-8	-10	-11	
29	66	-67	-81	-91	4	7	11	
14	12	-51	75	-6	8	5	6	
-30	-41	-87	29	42	-9	-15	-16	
26	41	32	94	37	4	9	11	
-22	-40	-28	-44	-34	-11	-7	-10	
-17	-36	-26	-70	-76	-17	-12	-11	
12	23	30	10	33	13	7	9	
-18	-22	-30	108	3	-13	-11	-9	
1	-25	-21	-115	-13	4	4	5	
-9	0	59	68	-23	-10	-14	-14	
-1	-21	-100	-36	71	16	8	1	
-4	-15	-78	-79	1	3	1	1	
-7	-14	0	-28	-6	-3	-1	-4	
19	57	0	-8	-94	-34	-3	5	
-21	-16	110	127	-19	-7	-10	-13	
7	9	-49	76	33	18	11	12	
-4	-13	-26	-96	10	-4	-7	-7	
-11	-31	59	-80	91	19	5	-1	
10	28	41	79	-67	-13	-3	-1	
-4	6	14	104	-41	-13	-4	-5	
6	8	24	40	55	15	6	8	
-11	-13	-33	-45	-34	-8	-7	-12	
-5	-26	-47	94	19	0	0	0	
-1	-28	-122	-104	-5	-1	-2	2	
10	23	127	104	32	13	5	5	
-34	-60	-48	35	-4	-16	-16	-20	
20	26	-66	-128	-34	7	12	13	
13	54	29	29	14	8	7	5	
-11	-20	-53	33	7	-17	-14	-12	
-6	11	87	-62	49	18	5	3	
7	3	-93	-95	-69	-12	2	3	
14	47	127	108	10	-4	3	8	
-15	-22	-14	1	1	-4	-7	-9	
5	11	43	70	66	16	8	4	
13	6	-34	-80	7	16	10	11	
-11	-15	-20	14	-8	-6	-5	-6	
3	-8	-52	65	16	5	-1	-3	
15	44	-4	89	-22	-3	-1	5	
-28	-41	-32	85	90	0	-11	-13	
17	12	-18	4	-30	12	8	6	
-3	-1	60	52	-3	-10	-4	-1	
2	-31	-90	-44	-22	-7	-3	1	
-16	1	39	107	6	-14	-12	-11	
-20	-70	-112	-128	8	9	-1	-7	
9	42	-16	-57	-63	-10	-7	-4	
5	-2	-66	-112	24	8	1	-1	
8	39	96	-28	-25	-17	-1	3	
-4	-36	-51	-22	68	6	-1	0	
-10	-16	-26	-61	-101	-28	-5	-3	
5	-1	-6	99	57	11	3	6	
-17	1	16	15	-35	0	-9	-14	
17	67	109	78	-52	2	11	10	
16	11	-7	-31	127	40	22	18	
-6	-21	-11	23	-56	-15	-4	0	
-14	-31	4	-111	-29	-3	-4	-4	
36	38	61	-3	64	35	25	25	
-11	5	96	-69	-21	-6	-5	-9	
2	10	28	119	24	-5	-2	0	
15	5	-31	-113	53	29	16	12	
-9	-14	26	106	-78	-25	-10	-7	
-23	-12	-23	127	-4	-23	-18	-16	
25	31	13	-128	34	30	18	17	
-11	-9	-4	82	-23	-20	-14	-12	
-11	-21	-27	-26	13	-14	-12	-11	
-17	-23	12	31	-1	2	-3	-10	
-6	0	-47	-33	-49	-15	-7	-5	
10	18	8	-44	-3	5	4	5	
-26	-31	-4	29	-31	-15	-13	-13	
23	7	-13	-64	25	18	14	17	
-5	-10	-16	-47	-13	1	0	-3	
6	10	41	63	22	2	-1	4	
-12	-18	-43	-39	-18	-14	-10	-11	
-2	-1	-1	-2	-11	-1	-4	-2	
3	3	-3	18	-2	1	2	3	
11	9	-11	-19	6	5	7	4	
-8	-8	18	-24	-10	-12	-7	-5	
2	6	-21	-1	13	5	4	3	
4	8	11	-9	-2	5	3	3	
-5	3	14	18	-6	-6	14	-4	
4	7	-27	-44	7	-1	-28	-8	
3	1	-3	-2	10	2	13	3	
-4	-8	-26	0	-16	-6	0	1	
2	4	9	4	0	0	51	4	
0	2	36	-13	9	-1	-41	-4	
1	0	13	-11	-1	-3	33	-2	
-4	-6	21	16	-9	0	-87	-12	
0	-4	-5	8	7	4	2	0	
-1	2	2	-20	6	-1	42	-3	
-4	-2	13	3	-6	-5	-59	-6	
-1	2	3	-3	-1	-1	99	15	
1	4	34	10	10	3	-42	-3	
-6	-12	-5	-14	-3	-4	-2	2	
-5	-6	-1	-3	-2	1	-8	-9	
3	13	-32	3	-2	-2	-5	-10	
4	5	-25	-3	1	0	1	7	
-4	-2	-14	-3	-3	-3	-9	-4	
2	4	-15	2	2	-3	-23	4	
6	9	1	-1	-2	2	15	5	
-3	-9	-18	4	-2	2	0	-1	
-1	-14	-37	-10	3	2	3	0	
-2	-1	-17	0	5	1	13	1	
0	-2	-14	-3	-7	-4	-10	1	
2	2	-10	2	-1	0	-2	-3	
2	4	-7	-3	1	-1	1	1	
3	0	-9	-4	-1	3	4	5	
-6	-7	-2	2	-4	-2	1	-6	
-1	-1	-2	2	3	0	-13	-2	
0	-5	-6	-2	4	0	5	0	
3	1	7	-3	-9	-5	7	3	
0	1	-2	-1	1	1	-7	-3	
-2	-7	3	2	0	-1	-2	1	
1	2	-1	-6	1	0	3	1	
0	0	0	-1	-1	2	5	0	
-1	-4	2	4	0	-1	-3	-1	
2	6	7	-2	1	0	-6	1	
1	-1	8	-1	-2	-1	5	-2	
-4	-18	-15	1	1	0	1	0	
-1	-2	3	-3	-1	-2	-1	1	
-1	2	2	2	-1	-2	-1	-2	
2	-1	0	-5	-5	-4	-2	1	
-2	-2	-2	2	2	0	3	0	
-3	-4	5	-1	1	2	-1	-2	
2	0	-5	-4	-3	-5	-1	0	
-1	7	11	3	1	1	0	0	
-1	2	-1	0	-2	1	1	-1	
-3	-6	-2	1	-1	-2	-3	-1	
0	1	3	0	0	2	-2	-1	
-1	2	-3	-4	-2	-2	1	1	
2	19	-11	-1	0	-1	2	-1	
-2	-1	-1	-1	-2	0	-1	1	
1	-1	-1	-1	-2	0	-2	-2	
0	5	-3	-2	0	0	-1	-2	
-3	-6	6	-2	-1	-1	1	-1	
-3	-4	-8	-1	-2	-2	-3	-2	
0	2	-3	-4	0	-1	-2	0	
-2	-7	-2	1	-1	-1	0	-1	
-1	-1	9	1	0	-4	4	-1	
-1	-4	-2	0	-1	-1	-1	-1	
0	-2	1	0	-1	1	-12	-3	
-3	-2	-5	-3	0	1	-1	-2	
1	4	7	0	0	0	-4	-2	
0	2	0	0	1	0	8	2	
-1	-3	-7	-4	-1	-2	5	-1	
-2	-6	-2	2	2	-1	-2	1	
2	1	-2	-1	-1	-2	1	-1	
-2	-1	4	0	-1	0	-4	-2	
-1	0	3	-1	-2	-1	2	3	
0	1	-1	-2	0	-1	0	-1	
0	-2	-1	-2	-3	-1	0	0	
2	-2	0	0	-2	-1	-3	-2	
0	2	0	-1	0	0	-3	-1	
-1	1	-1	0	-1	-4	2	-1	
-1	-1	1	-1	0	-1	-2	1	
-1	-1	-1	-1	-1	-1	-4	-1	
-2	1	-1	0	-1	-1	-1	-2	
-1	-5	-1	-3	1	0	0	0	
2	0	-1	-1	-3	0	-2	1	
2	3	0	0	-2	-2	-4	0	
-2	-2	0	1	1	-3	0	0	
-1	-2	-3	-1	-1	-1	-1	-1	
1	-2	-3	0	-1	-1	-2	0	
0	-2	-3	-1	0	1	1	-2	
