-2	-2	-2	-1	1	-2	-2	0	
-2	0	-4	1	-2	-1	-2	-1	
0	1	0	0	-1	-1	1	0	
0	-1	1	-2	0	0	-1	0	
0	0	0	-1	2	0	-1	-1	
-1	-4	-1	0	-1	0	-1	0	
1	-1	-1	0	-3	-3	0	-2	
0	-1	0	0	-2	-2	-1	-1	
-2	-3	0	0	-1	-1	0	0	
1	-2	0	0	-2	-1	0	-1	
-1	0	-2	-1	-1	0	0	0	
0	0	0	-1	-1	-1	0	-1	
0	-1	-2	-1	0	0	-4	0	
-2	0	0	0	1	-2	-1	1	
-2	-1	-2	-1	0	-2	-2	0	
0	0	-2	-2	0	0	0	0	
0	-3	0	0	0	-1	-1	-1	
-2	-2	-1	1	2	-2	-2	-1	
-1	-1	0	-2	-1	-1	-1	-2	
0	0	-1	-3	1	-1	-1	-1	
1	-3	-2	1	-2	1	-1	-1	
-1	-3	0	1	-1	-2	-2	1	
-1	0	-2	-1	-1	-2	-1	0	
-1	0	-1	-1	-4	-1	-2	0	
-2	-2	-2	-1	1	-6	-3	0	
0	-1	-1	-2	2	0	-1	-1	
0	0	-1	0	-2	-1	-1	-1	
-1	-1	-1	-2	-1	-1	-2	-2	
-1	-1	1	1	0	1	2	1	
-1	-3	1	1	-1	-2	-2	-1	
0	0	0	-2	-1	2	1	1	
-2	0	0	-2	-1	0	-1	0	
-3	-1	-1	1	0	2	1	0	
-2	0	-2	1	1	0	0	-2	
1	1	1	0	0	0	-1	0	
-1	1	0	-1	0	0	0	-1	
-1	-3	-2	-1	1	-2	-4	-1	
0	-2	-1	-1	0	0	-1	-2	
0	-2	-1	-2	-1	2	0	-1	
0	1	0	-2	-2	-2	1	-1	
0	-1	-2	1	1	0	1	1	
0	-1	-1	-1	-2	0	-1	0	
2	-2	-1	-1	0	-3	-2	-1	
-1	-2	-1	0	0	-1	-1	-1	
0	-3	0	1	0	0	0	-2	
-2	0	0	1	1	1	-1	-1	
-1	0	-1	0	1	1	-1	1	
-1	2	-3	0	-2	-1	1	1	
-4	-3	-1	1	1	-3	-3	0	
0	-1	-1	-1	0	0	0	0	
-2	-1	0	-1	-1	-2	0	-1	
1	2	1	-2	-3	1	-2	0	
-1	-2	-2	1	2	-2	-1	-3	
-1	-1	-1	0	2	-4	0	-1	
-3	0	-1	-2	-1	0	0	0	
0	-1	-1	0	0	0	-1	0	
-2	-3	1	0	2	1	0	-2	
0	-2	-1	-1	-3	0	-1	0	
-1	-1	-4	-1	-1	0	0	0	
-1	-3	-1	-2	1	0	0	-1	
-2	-1	-1	0	-2	-3	-1	0	
0	-2	1	-1	1	-1	-3	0	
-1	0	1	-1	1	0	-1	0	
-2	1	2	-1	-1	0	0	-2	
-1	-3	-2	1	2	1	-1	0	
-2	-2	0	0	1	-1	0	-3	
0	-1	0	-1	-4	-4	0	-1	
1	0	-2	-2	-3	-1	0	0	
0	-1	-1	1	0	-1	-5	-2	
-2	-3	0	1	-1	2	-3	0	
-1	-2	-1	-3	-2	3	11	4	
-2	-2	0	-1	0	-5	-11	-2	
-1	-5	-1	1	1	-2	4	-2	
0	3	0	-2	-1	6	-8	-1	
0	3	-2	-3	0	-2	13	-1	
2	1	-1	-3	-4	0	0	2	
-1	-5	0	1	3	-4	-11	4	
-1	-1	-2	2	2	-5	3	-3	
-1	2	-1	-2	2	12	-11	-3	
0	1	1	-2	-8	-4	12	-1	
-1	-6	-2	2	2	-9	-20	2	
-3	-3	1	1	0	-6	-10	-7	
0	0	0	-1	-1	-2	20	1	
3	5	-2	-1	12	5	3	-2	
0	-2	-1	0	-16	10	8	4	
1	-4	-2	-3	3	8	14	2	
-7	-3	0	2	-11	-13	-21	-9	
7	1	-1	1	6	4	-8	5	
-1	-5	0	0	16	-2	6	10	
0	0	0	2	3	-2	2	-4	
-20	-4	-3	-8	-8	0	-8	-11	
-11	-5	0	2	-2	-1	-30	1	
13	8	1	-2	-4	1	-37	-13	
22	0	2	-7	-3	-1	51	41	
12	-1	1	6	11	-16	-84	4	
-8	-4	-4	-4	-6	29	88	-7	
14	2	2	-1	0	-10	-92	-12	
-7	2	-1	0	-16	-35	63	-11	
-31	1	-3	0	7	56	90	24	
11	-8	2	10	7	-57	-86	-7	
-22	-9	-5	-7	1	11	13	-17	
3	3	0	1	31	-7	-51	-17	
23	-6	-1	-1	-39	-27	33	-2	
1	10	4	-6	4	57	-7	30	
-15	-7	-4	-2	-25	-62	75	6	
-23	-2	2	1	-3	31	16	-8	
16	-3	-4	1	28	22	-107	-28	
15	17	5	-7	-9	-4	-18	18	
3	-8	-1	9	5	-3	6	3	
-29	-3	-3	-14	-16	9	63	-23	
2	4	3	20	16	12	36	16	
-17	-2	-7	-19	-27	-8	-15	-23	
-8	12	7	-1	14	7	82	34	
18	-11	-12	-13	14	6	-117	11	
-22	1	5	13	-14	34	81	-2	
23	2	0	16	47	-9	14	-14	
-38	-6	-1	-25	-2	-1	8	-12	
46	8	5	31	-59	9	-14	-3	
17	9	-5	-37	-37	-36	-56	37	
-16	-18	-12	-13	42	20	92	-3	
19	0	3	19	4	-39	-96	-38	
13	6	-1	-5	2	-3	0	57	
-57	-15	-5	19	6	-23	-12	-54	
22	13	8	-18	-39	17	106	6	
52	-5	-8	-41	-14	24	30	43	
-37	-21	-9	-21	17	0	59	-58	
24	4	-4	-1	-8	-62	-18	4	
8	5	-10	15	9	-18	-17	1	
-11	-20	23	12	-4	12	85	16	
19	4	4	10	-4	-36	-128	-15	
-45	-8	4	15	6	1	-43	13	
11	12	-2	8	-7	-2	35	-23	
12	4	9	-12	11	12	-66	-8	
-5	5	1	41	-10	-18	20	28	
37	9	-7	-40	-3	-7	-31	-19	
-10	-9	4	20	0	-13	-11	-4	
26	18	2	-5	1	29	4	36	
-22	-21	-14	-14	7	2	-83	-51	
92	45	22	-44	-9	51	100	70	
-85	-77	-21	-18	-6	-83	-21	-22	
-38	5	1	24	5	-8	-49	-117	
27	16	0	-25	-6	4	8	13	
76	8	-9	109	4	-15	31	52	
1	22	10	-77	-49	37	50	93	
-72	-42	-14	-21	21	52	-102	-50	
16	24	1	20	1	-49	86	27	
-18	-17	-13	-19	20	10	-13	-35	
47	36	26	52	6	28	49	-4	
-4	-2	-27	-35	-24	-7	-26	25	
17	15	20	44	2	60	127	39	
-33	-24	-8	-104	14	-72	-61	-53	
-15	-9	-8	27	22	77	-14	25	
37	7	2	10	-4	-67	78	8	
101	35	-18	52	16	39	12	93	
-78	-42	68	-43	-20	16	71	-58	
80	27	-12	-61	-5	-9	59	-27	
-72	-6	14	21	-21	-44	-103	60	
58	25	-29	-18	-8	70	41	33	
-42	-22	-32	127	11	-10	79	-2	
-45	-7	17	-76	-18	-12	24	-31	
112	16	-11	30	24	36	97	37	
-128	-16	0	-69	-13	-55	-90	-47	
73	3	-1	47	31	-12	-128	34	
-63	-2	-5	2	12	23	-64	-66	
30	-4	9	89	26	-22	56	35	
41	0	7	-128	-53	5	-83	41	
21	-4	-3	29	25	114	-60	-32	
17	-5	-36	21	-26	-126	-46	20	
-36	2	-5	71	-40	6	8	-54	
113	26	3	-32	31	103	107	86	
-99	-54	15	-80	-4	-86	66	-100	
-6	-12	22	23	20	12	-50	-15	
23	3	-7	-15	13	-31	22	9	
-12	-2	-4	32	17	-16	-15	-46	
-39	10	-30	-8	19	62	43	44	
63	12	9	42	-18	3	-45	10	
-85	-30	12	-44	-4	-6	2	-64	
-61	-31	6	66	38	-37	-79	-22	
54	36	-1	-35	-32	-51	-25	-7	
-22	-14	1	9	-17	7	22	30	
-12	17	-32	25	5	85	79	29	
-38	-19	56	39	-11	-86	70	-18	
-21	11	13	-98	-8	52	35	-34	
53	-21	-25	-4	-2	-88	-72	5	
44	23	-7	-38	14	27	30	32	
-28	-34	-34	52	23	-9	-32	-1	
85	20	1	25	-14	2	77	17	
63	24	4	71	-13	49	28	56	
-74	-33	42	-74	15	-13	50	-20	
-39	-4	-17	-38	2	-25	-117	-102	
25	19	-10	-8	-19	4	-103	58	
4	0	-25	31	0	-5	41	-16	
-2	-10	15	15	1	-2	-54	-38	
44	32	22	-38	-39	-4	80	45	
-82	-42	-17	117	29	44	-67	-28	
-30	14	-6	-81	-24	26	113	-18	
28	2	-27	-45	15	3	42	24	
-44	-29	22	-22	-19	-37	49	-50	
57	29	5	77	-9	-30	11	69	
-58	-31	9	3	1	54	-35	-71	
58	18	-14	-7	-17	-31	-10	54	
-13	1	-17	40	9	33	-28	-38	
0	24	37	-75	-9	-21	46	12	
-65	-19	-41	89	19	-1	-61	-12	
67	-2	60	-95	-16	39	-35	11	
13	29	-18	23	1	20	-11	-1	
11	36	2	28	-13	-40	-87	73	
-94	-41	28	-49	42	45	-36	-71	
29	7	-19	45	-4	-39	-39	11	
0	-3	5	-13	-14	-28	36	28	
54	-1	-28	-30	8	19	-113	-37	
18	9	2	-8	6	8	-2	23	
-10	-2	-7	44	8	-9	-59	5	
-26	-1	9	-30	-7	-10	-77	-32	
9	-25	-60	84	14	34	87	-2	
77	36	107	-96	-22	-10	-99	-2	
-74	-15	-30	-41	21	54	86	-25	
-26	-57	-27	3	-15	-58	-76	-52	
31	17	36	10	10	21	115	78	
51	15	-21	2	-3	-64	51	60	
-18	-26	-13	58	34	18	10	-24	
45	20	-19	-14	5	26	75	69	
9	25	-5	-32	-25	4	-95	-11	
-62	-62	-8	36	15	-2	16	-56	
45	24	10	15	2	19	-66	27	
13	11	9	9	5	40	58	7	
39	7	19	-50	-26	-66	-63	18	
26	23	-24	5	3	69	54	29	
-7	-32	12	93	13	-52	52	-40	
-50	-10	3	-40	11	27	-17	-21	
-2	-6	-12	27	1	-2	-3	-63	
42	17	37	-109	-47	-29	-33	50	
11	-8	-34	-27	16	30	-67	-6	
23	14	2	50	38	6	50	11	
-62	-37	-12	-115	-42	-32	18	-21	
-5	16	-47	98	24	9	80	32	
50	0	13	48	-26	-6	-113	20	
-34	-9	-7	36	12	-15	-1	-25	
-73	-13	-21	-3	27	7	-22	-4	
25	11	12	2	-9	-31	-46	-16	
-36	17	11	-16	-22	-4	-26	11	
-3	-13	0	-11	13	10	-48	17	
6	-9	10	-3	6	-10	-56	-9	
12	10	-4	-15	1	11	-16	0	
-30	-14	0	26	1	-35	-68	-29	
31	6	-7	-22	-13	21	-2	12	
-29	-7	7	13	-1	-33	-35	18	
-37	-19	-7	-29	-13	-60	-46	-33	
17	-5	-31	-1	5	35	67	-2	
1	5	-44	-21	20	41	-13	-1	
20	16	72	69	-42	5	89	8	
38	-2	8	35	27	-14	-38	49	
10	-23	-32	-88	-18	-32	13	-8	
-43	13	-9	43	2	23	-39	-23	
-38	-6	-20	16	26	50	85	-9	
15	26	-8	20	-7	1	-20	15	
44	-8	25	20	0	-31	-28	47	
-5	-11	20	-35	-14	-5	37	-36	
45	-2	-17	-20	3	-3	-14	11	
-125	-16	5	-27	-6	16	17	-53	
16	5	-11	3	17	-22	-57	34	
57	2	-10	63	-17	12	-46	38	
-73	-4	15	-25	8	15	65	-45	
57	16	54	-54	-24	6	23	50	
-47	-19	-50	97	19	-5	32	-19	
68	20	89	-22	-34	-23	-2	19	
-47	-44	-58	11	9	-38	-10	-17	
11	25	-26	31	6	65	-5	-9	
6	27	35	-53	-35	2	48	9	
-41	-29	-31	-5	18	-27	26	-35	
46	6	-6	28	-7	-8	-1	19	
35	-16	-12	-9	14	-12	-86	11	
-32	-18	-4	8	0	-6	-9	-47	
48	19	0	-4	-12	-46	2	36	
-25	3	27	-24	2	36	84	-24	
-26	-8	-27	10	0	-22	-51	-2	
19	13	23	-12	-12	3	-50	11	
-20	5	3	27	24	4	-70	-28	
0	-14	-44	-7	8	46	23	12	
-9	-5	40	73	-30	-75	6	-7	
7	3	-16	-112	-16	45	13	-16	
-24	-18	12	69	8	-9	121	9	
83	3	27	-106	-28	-86	-128	-2	
-82	-17	-57	-35	23	-31	-19	-40	
9	7	6	98	5	35	40	-11	
-25	5	-28	-7	3	-4	-12	5	
20	8	-14	60	23	52	16	-12	
56	28	23	3	-10	-5	-8	24	
-58	-31	3	5	37	-10	5	-8	
-8	2	-1	-33	-2	8	-32	16	
27	24	24	3	-5	-9	39	-8	
-17	-15	-14	-10	2	13	-8	0	
40	18	5	7	1	-4	18	24	
0	-1	17	-12	-3	-43	-69	12	
-54	-15	-4	-11	4	92	45	-59	
26	-2	-19	1	3	-1	1	5	
6	4	4	86	8	3	27	22	
11	3	28	-48	-18	14	-2	-1	
-16	-6	-16	-93	-1	-34	-10	9	
6	-1	-11	13	9	33	47	7	
1	7	4	10	31	6	-19	-28	
-13	5	-4	8	-71	-3	-1	-40	
-6	-1	-5	27	-12	-3	39	127	
11	-13	7	27	64	18	-41	-72	
15	-14	9	3	-5	-26	13	-53	
-32	-4	-6	-7	109	17	-30	-26	
39	11	16	1	-87	-19	16	80	
-79	18	-3	-26	-15	-3	-36	-84	
-26	22	0	-28	18	-15	-19	55	
76	-60	-33	-31	-53	-31	-15	27	
-25	-1	7	-23	-13	20	-10	-67	
16	20	16	52	65	12	29	91	
-7	18	11	-7	-23	14	10	29	
-21	28	-2	-2	-3	-3	6	5	
-1	3	-6	32	15	-26	-38	-12	
45	-18	-7	-20	-40	-3	24	15	
-15	-4	5	15	41	10	18	-63	
-13	-4	3	-31	14	12	3	15	
16	-14	-11	40	-22	-15	-15	-8	
-12	-5	-10	-58	-6	3	16	-26	
-7	-21	-1	-31	-18	-8	-6	13	
0	16	12	40	-3	25	17	-2	
1	7	8	40	127	10	-9	-26	
-1	-16	-14	-47	-98	-23	-8	-13	
-3	-9	2	-21	-30	-6	0	4	
4	-1	-3	-5	35	0	7	-2	
-7	6	2	10	71	10	-5	-21	
6	-9	-5	9	10	8	13	46	
0	-18	-18	-89	-107	-40	-41	-42	
-12	11	8	27	23	-11	7	-12	
-5	-9	-12	-67	-97	-20	-13	80	
0	-5	0	37	93	19	20	-36	
-1	-2	-1	5	29	1	10	31	
-4	4	-2	-1	30	16	9	-7	
-1	2	0	22	19	-10	-14	-13	
14	3	4	22	-20	5	14	30	
-1	0	5	21	25	15	16	-14	
-6	-4	-11	-31	-42	-4	-10	-9	
3	0	1	13	62	1	-2	-18	
0	0	1	-18	-30	-16	-2	1	
-2	-7	2	30	29	-2	2	-28	
-1	0	-4	-24	-58	-3	-11	15	
-1	-2	-3	-16	-34	-7	-11	-11	
1	-3	-2	10	36	11	-7	-36	
-1	-4	2	10	43	5	4	11	
1	0	2	1	-25	-4	1	-2	
-1	4	2	8	5	3	6	-17	
1	-5	3	7	-62	-5	-1	15	
1	-3	-2	-6	14	6	9	15	
-4	1	1	8	21	3	3	-11	
-2	-3	-3	11	-37	-8	-15	-33	
3	1	1	-1	11	0	2	17	
1	-2	1	2	3	-15	-18	-25	
-1	-3	-1	-3	9	2	1	3	
-2	-2	-1	0	-16	-9	-12	-29	
8	3	0	6	25	13	12	47	
-3	-2	-1	-10	-10	-1	4	3	
0	0	0	0	-7	0	0	-2	
0	0	-2	2	18	1	-1	31	
-1	0	2	14	15	3	11	27	
-3	-7	-3	-4	-47	-2	-2	-8	
-3	1	-2	-7	-15	-4	-3	-7	
2	3	2	5	16	3	6	5	
-3	-4	-2	-1	14	1	-3	-5	
0	-3	-2	1	26	0	2	12	
-1	1	1	0	6	-1	5	-2	
-2	1	0	-1	-3	-3	-4	-13	
-2	-1	0	-1	-11	8	-8	-11	
-1	-2	0	0	3	-1	5	-4	
-2	1	-1	-2	6	-2	-2	-3	
-1	-1	1	2	4	-6	1	3	
-1	-4	0	4	6	-1	-3	-16	
-1	-3	0	-1	-3	-3	1	10	
-3	1	0	-2	2	0	4	5	
-1	1	-1	2	3	5	-1	2	
-3	-2	-1	0	-12	-3	-2	-33	
3	4	1	-3	-4	3	11	35	
0	-3	1	0	-5	1	2	-2	
-1	-2	-1	0	-5	-2	-3	-28	
0	1	-2	1	-6	-7	-6	-5	
-1	0	0	0	3	0	3	-4	
-1	-1	-2	-1	5	0	-3	8	
1	0	-1	-2	-4	0	0	-2	
-2	-3	1	-1	-1	-1	3	7	
-1	-4	-2	4	9	0	-2	-8	
-2	-3	-2	0	1	1	2	1	
0	-1	-1	-2	-11	6	-3	-4	
-2	-3	0	1	-1	-5	-2	-2	
-2	-3	-1	0	0	-5	-2	-3	
-1	0	-2	-2	4	-1	-3	-12	
0	2	0	0	3	-3	1	6	
1	-4	-2	1	10	-4	0	-1	
-2	-3	0	2	1	4	3	-3	
-1	0	-1	1	1	3	3	7	
-2	-1	1	1	1	-3	-1	-4	
1	0	-2	-2	-5	2	14	56	
0	-3	1	1	-2	-2	-1	4	
-1	-2	0	-4	-1	0	-3	-4	
-1	-1	-1	-3	-2	0	-2	-2	
-2	-4	0	0	0	-1	0	-8	
