-1	0	-1	0	1	2	1	0	
2	-1	0	2	1	8	2	-1	
1	-1	1	-1	2	0	-2	-1	
-2	-2	0	-3	-3	-2	-1	-1	
-1	0	0	0	2	0	2	0	
-1	1	-1	2	-2	0	0	0	
1	-2	-1	-1	-3	-3	0	-3	
-1	0	-1	0	-4	1	1	-1	
0	0	-1	1	1	-1	-2	0	
-2	1	0	0	2	-1	-2	0	
-2	0	-1	-1	-1	-9	-1	0	
-2	-1	-2	-1	-3	2	-1	-1	
1	1	1	0	4	-2	-1	1	
0	-1	0	-2	-3	-7	-2	-2	
0	0	-2	-1	3	3	1	0	
1	-1	0	3	1	-1	-1	-1	
-1	-2	-1	-2	1	-1	-1	-2	
-3	-1	-1	1	1	9	2	0	
-1	1	-1	-1	-2	-4	-3	-2	
-1	-1	-1	-2	-1	-7	-2	-1	
-1	-1	-2	-1	0	-2	-1	-2	
-1	0	0	-1	4	4	-1	-1	
-2	0	-1	-1	-2	-4	1	-1	
0	-1	-1	-3	-2	-1	0	0	
-1	-1	-2	-3	-10	-12	-1	-2	
0	-2	-2	-1	-2	-2	0	0	
1	-2	1	2	0	6	0	-1	
0	0	0	-1	0	-5	-1	-1	
-2	-2	1	0	-2	1	1	1	
1	-1	-1	0	1	-1	-2	0	
-2	0	0	-2	0	-2	-1	-2	
-1	-1	-2	-3	-2	-7	0	0	
-1	0	-1	0	1	1	0	-1	
-1	-1	-1	0	-1	-1	2	-1	
0	1	-1	-1	0	6	0	-1	
-1	0	-1	-2	-4	3	0	0	
0	-1	0	-1	-2	-2	0	-1	
-2	-1	-3	-3	-4	-12	-4	-1	
0	0	0	0	0	4	2	0	
1	0	-1	0	0	1	1	-1	
-2	-3	-3	-4	-5	-5	-1	-2	
-2	0	1	0	2	4	1	-1	
-1	-1	0	-1	-3	-9	-2	0	
0	0	0	-2	-1	2	-2	0	
3	-2	1	1	3	3	1	-1	
0	-1	-1	0	1	4	0	0	
-3	-2	-1	-1	0	-1	0	-2	
0	0	1	-2	-4	-4	-2	-1	
-2	-1	-1	0	3	-2	-3	-1	
-1	0	0	-1	0	-2	0	-2	
0	-1	-1	1	-1	-5	-1	1	
-1	-2	-4	-4	-9	0	-1	0	
-1	1	-1	0	4	4	-1	1	
-1	-2	-3	-4	-9	-9	-3	-2	
-2	-3	-1	-1	-1	-2	-1	-1	
0	0	-1	1	2	3	-1	0	
-1	1	-1	0	-1	-3	-1	-2	
-1	0	2	1	1	5	0	1	
0	-2	-3	-5	-2	-3	0	-2	
-3	-2	-1	-3	-5	4	0	-1	
1	0	0	0	3	-5	-3	0	
-1	-3	-1	0	-1	7	2	0	
0	-2	0	0	0	7	1	-1	
0	-1	-1	-1	0	-4	0	-3	
-1	0	-1	1	1	4	0	0	
0	0	-2	-2	-3	-3	-1	-2	
-2	0	-1	-1	-3	5	-1	2	
-3	-1	-3	-3	-1	-8	-3	0	
-2	0	-1	2	1	2	0	0	
0	-1	0	0	0	0	0	-1	
0	1	-2	1	3	5	1	0	
0	-1	0	-2	-2	-1	0	-1	
-1	-1	-2	-1	-1	-1	-1	0	
0	-2	-2	-2	-2	-1	-1	1	
0	1	0	0	3	-3	0	-1	
-1	-1	1	1	1	3	0	0	
1	-1	1	-1	2	0	0	-1	
-1	0	-1	-1	1	-5	-2	0	
0	-1	-1	2	0	-1	-1	0	
-1	-1	2	-1	0	4	2	0	
-3	-1	-1	-3	-6	-3	-1	-2	
-1	0	0	1	5	8	2	0	
0	-1	0	-2	-6	-11	-4	-2	
-2	-1	-1	1	1	1	1	-1	
-2	-3	0	0	2	2	1	0	
0	-1	0	0	0	0	-1	-1	
-2	-2	-2	-4	3	0	-1	0	
2	-2	-1	-2	-6	1	0	-1	
-1	-2	1	1	2	-1	-1	-2	
-2	-2	-3	-1	-2	-9	-3	-1	
-1	-2	-2	-5	-6	-1	-2	0	
-1	1	-2	3	7	0	0	0	
-2	-3	-2	-2	0	-5	-2	-1	
0	1	0	-1	-9	-4	0	-2	
-1	-1	0	0	1	-3	0	-1	
-1	-1	-1	-1	2	2	2	0	
-2	-1	-2	-5	-5	-9	-3	-4	
0	-2	-2	-2	-2	-1	-1	1	
0	-1	-1	-1	-2	4	1	-1	
0	-1	-1	1	0	0	0	-1	
0	0	-1	3	2	11	1	0	
-3	-1	1	-1	4	2	-2	-16	
0	0	-1	-5	-7	-8	0	23	
-1	-2	-2	-5	-5	-2	0	1	
0	0	-1	-1	0	7	8	23	
1	0	2	1	7	-1	-24	-33	
0	0	2	3	3	8	-2	-41	
-1	1	0	1	-1	-3	2	39	
-4	-3	-3	-3	-5	-6	2	28	
5	1	-2	0	0	7	8	15	
-1	-1	-1	3	5	-3	-3	-6	
-9	1	-1	-2	-3	-4	-15	-31	
19	1	-3	-4	-6	-7	21	41	
1	-1	1	-1	-4	8	4	9	
-5	-1	-3	-8	-7	-21	-18	-31	
4	-2	-5	-3	-1	-2	10	-23	
-9	0	3	9	14	-9	16	-3	
-11	-4	-3	-3	-1	6	11	16	
17	1	4	8	8	20	-21	-18	
-5	0	-1	-11	-17	-28	-29	-55	
1	-2	0	-2	-5	-5	-18	-32	
-23	0	2	7	10	-2	26	9	
-8	0	0	-2	2	-3	3	-1	
-8	-3	1	3	5	4	-3	31	
10	-2	3	10	18	32	-11	32	
-8	-6	-6	-11	-12	-32	25	60	
3	6	-1	-1	-3	11	-16	-51	
1	-2	0	0	2	9	-1	-30	
9	2	1	-2	-1	-1	-15	-2	
29	11	2	1	12	32	24	98	
-5	-11	2	-1	-16	-31	-5	9	
94	9	-2	-8	-10	1	9	40	
-44	-6	0	3	1	-11	4	64	
-28	-7	-3	8	11	47	-2	-16	
37	8	-2	-5	-10	0	1	19	
-29	4	5	8	5	3	-3	-78	
30	17	3	6	-5	-10	20	53	
45	-6	-2	-13	19	-7	-26	18	
-49	-9	-2	-6	-11	-8	-3	-64	
0	-8	-5	5	18	18	17	75	
33	-1	0	7	17	30	32	61	
-26	5	4	5	-5	-21	-12	-128	
18	9	3	4	0	53	11	72	
32	18	5	-5	-4	-40	-11	64	
-73	-11	-1	5	-7	1	-5	-128	
84	-4	-2	-6	-22	-49	-27	83	
-14	0	-2	4	25	20	48	127	
-13	9	3	-7	-34	-1	-18	-78	
-10	5	0	-4	11	54	-15	-85	
25	-9	-8	-2	-3	-53	-16	6	
-22	16	3	1	-6	5	-36	22	
-29	-21	3	2	-5	-10	-4	23	
-13	-6	-4	-9	-25	-22	11	34	
-1	10	-5	2	41	8	49	59	
81	-27	-9	-8	-21	14	15	69	
-76	-12	-4	8	23	-13	-11	11	
23	14	3	5	-3	-19	1	7	
-60	15	6	2	-10	24	-3	-42	
-11	-21	-4	0	-18	-73	-12	-66	
-4	-4	-7	-3	9	37	0	64	
9	3	-3	-5	0	-6	13	24	
-50	-11	-7	-7	-26	-60	-33	13	
105	7	-9	-41	-56	33	-37	-102	
-53	-7	1	8	19	-14	50	9	
45	-14	-1	12	-21	-47	-52	82	
-58	50	16	30	86	83	-46	-76	
2	-67	-13	-21	-43	-53	8	-31	
45	17	7	-1	-9	5	16	68	
-42	-9	-4	-9	-7	12	-35	-4	
-18	16	3	-3	1	7	19	-22	
-53	-1	-5	13	39	-33	-50	-48	
35	0	0	0	-15	2	10	28	
16	-16	-6	-25	-25	-30	34	53	
44	-16	0	1	-21	22	-39	-107	
-49	32	0	5	52	15	10	59	
61	11	-4	-10	-59	80	-29	-87	
70	-28	-9	5	76	-79	-28	-76	
-11	6	1	6	34	13	6	41	
71	23	4	-16	-49	-11	31	37	
-38	5	3	1	21	28	3	-24	
87	-17	-10	-4	8	20	-50	-60	
27	10	9	19	70	0	11	96	
-35	5	11	34	15	14	53	3	
-49	36	-11	-29	-58	-5	5	-25	
-27	-8	3	0	39	21	60	30	
-8	-42	-6	-17	-39	-51	13	107	
61	6	12	30	100	10	3	-61	
-63	-18	-4	-5	-63	-53	0	62	
-14	35	0	-40	-48	-15	13	-77	
29	-11	-1	9	52	72	23	-47	
-51	3	-16	-31	-54	-24	-6	-21	
-37	-31	0	25	127	-4	-22	-87	
23	-5	0	14	4	19	-27	58	
-34	-19	-12	-40	-98	-27	-17	-34	
2	17	2	11	85	48	16	78	
111	-2	-7	-9	-74	-32	-2	52	
8	10	1	15	21	61	-67	-86	
45	-36	-2	7	-29	-44	9	-14	
-57	-10	-18	-8	41	-71	-17	-71	
115	4	-5	-27	-68	-46	-11	127	
21	-14	16	29	90	33	-1	56	
39	47	-3	-22	-79	2	23	85	
-55	-5	-4	-10	-33	32	-28	-60	
23	-36	4	25	96	62	37	-59	
-48	16	-6	-4	-35	-57	-1	41	
37	33	2	24	35	32	70	97	
117	-36	7	7	3	-15	-22	110	
78	74	2	-16	-2	32	-21	-66	
21	-93	-6	-5	-55	28	43	104	
-97	24	9	30	73	26	7	-128	
-55	23	-2	0	2	-1	17	-9	
-52	-38	-2	-16	58	-7	-46	-66	
-108	22	-5	-3	12	-16	37	-127	
17	24	7	-1	-46	-50	-38	80	
58	-20	-2	-36	-91	-39	46	88	
-49	7	5	23	50	20	73	97	
21	-24	4	3	-58	-8	-35	-52	
31	16	-4	-7	37	51	-13	-44	
-15	27	4	4	-29	-15	-11	-62	
95	-34	-2	6	-8	-53	3	75	
-37	15	-4	0	30	-46	29	125	
-37	-8	-11	-20	-27	76	8	-36	
55	26	15	42	56	23	-34	-56	
-4	-70	-16	-32	-20	9	2	-65	
-32	46	-3	-11	77	-7	-35	-51	
-53	16	1	15	64	-47	-48	-67	
-87	-35	-11	-19	-45	-2	28	91	
45	-14	0	43	62	18	-22	44	
20	54	5	13	33	39	25	-37	
-29	-42	7	-33	-128	-54	-49	-23	
23	21	0	-3	51	-2	-22	14	
-128	-11	1	5	-3	2	35	49	
100	51	-1	0	10	46	0	-39	
10	-23	-8	-9	-8	-36	26	-19	
-63	-7	0	17	28	1	6	-31	
23	-13	10	17	28	-26	-35	-118	
24	15	1	-36	-41	67	33	86	
44	10	-2	-2	-7	-34	16	32	
43	4	2	-1	9	4	0	39	
-66	46	10	17	21	42	10	112	
-62	-33	0	17	42	-38	24	-57	
67	-60	-5	-2	-88	36	-7	60	
58	13	1	-9	11	55	20	113	
-4	52	3	-5	-68	17	33	51	
67	-40	-6	9	50	-45	1	21	
33	45	2	-1	-51	-3	8	16	
-100	-14	12	16	20	25	23	-21	
43	-43	-18	-23	-30	-49	-28	-34	
-49	38	9	14	5	-12	-37	18	
60	-57	-8	-14	-18	33	33	-127	
3	-2	-1	4	-30	-1	-6	5	
-22	12	2	-20	-5	-33	-14	-39	
-108	3	-1	-2	-15	9	16	52	
87	-12	-1	14	78	34	5	-23	
-5	-21	-4	-7	-66	-36	-3	-17	
-34	-19	2	-5	5	24	12	-71	
-60	11	-8	-25	-14	-12	-6	-39	
-36	20	2	-9	-7	13	-29	22	
102	-8	-8	-9	-46	-19	-33	84	
-56	18	10	22	39	10	-15	-1	
-1	27	9	35	106	20	6	21	
-66	-7	-17	-58	-70	-30	-59	-25	
-22	-83	0	6	45	-37	3	-39	
24	-33	-11	-7	-6	3	-32	21	
32	21	9	19	-7	10	-19	-56	
-20	46	11	19	24	7	15	-12	
23	-7	-6	-11	18	-38	13	-33	
-51	10	-3	-15	-44	-42	-1	-20	
42	-29	0	7	-38	9	16	24	
-31	16	4	16	52	49	12	40	
40	29	3	-5	16	24	-3	20	
-11	-10	1	21	-4	31	32	18	
66	-1	-14	-23	-18	-54	-48	81	
17	-15	5	17	61	30	25	4	
-48	21	-1	-19	-62	0	1	-3	
30	6	-2	4	45	5	-7	-37	
-49	-59	-7	-2	-18	-1	21	35	
-30	-12	-9	0	42	-36	8	-66	
-6	-33	-4	7	11	-6	38	-24	
-3	36	-5	-9	34	0	-6	45	
-20	36	5	-17	-49	36	-14	7	
74	-49	-12	-3	1	-41	-19	52	
95	19	-2	11	30	35	-38	-100	
-62	6	1	-12	5	14	6	-72	
9	-13	-3	1	0	24	-3	20	
-25	11	-1	-7	-34	-83	-21	1	
-41	20	7	5	11	13	-12	2	
59	-13	1	-3	-44	-12	2	42	
33	3	-3	12	24	13	9	-1	
31	-6	7	-2	-33	-10	-6	-8	
-6	-5	-6	-13	-63	-22	-2	-26	
-19	-3	-4	-3	9	12	9	12	
-32	14	7	17	20	11	6	18	
15	-15	-3	-2	4	-1	5	12	
3	4	3	7	14	33	1	-9	
17	3	2	4	13	-10	0	25	
-32	7	-6	-10	-32	14	-5	-15	
9	-3	-1	-5	-7	-23	-11	2	
11	-5	1	2	5	-8	9	-9	
-10	8	3	5	29	12	-2	0	
-28	0	-1	-2	11	-4	2	2	
8	-5	-3	-5	-44	1	2	10	
3	4	-1	2	25	-10	3	0	
-4	1	2	3	-4	10	6	0	
-18	4	0	-5	-8	2	-5	4	
16	-8	-5	1	7	13	0	4	
1	-6	-3	1	-3	-22	-3	-11	
-8	-3	0	-3	-11	-21	-7	-4	
-7	-5	0	-3	-17	13	3	2	
1	-4	1	2	14	1	-1	2	
-1	-11	0	4	7	-8	2	-5	
-4	-4	-1	-1	-16	1	2	2	
-9	-6	-2	-1	1	7	1	2	
5	-8	-3	-5	-24	-20	-2	1	
0	-7	0	4	11	-8	-2	-5	
3	-1	0	3	18	6	2	1	
-8	8	-2	-14	-74	3	-2	-2	
0	7	1	2	8	0	-3	0	
9	1	-1	0	-9	1	-3	-9	
-6	2	0	3	20	5	6	7	
-4	9	-1	-1	19	-17	-13	21	
-10	13	-3	-6	-9	-13	-19	-65	
-2	-2	1	-1	-9	-7	-4	-23	
1	-2	-1	2	-1	14	1	6	
-4	2	-3	0	6	-3	0	-6	
8	8	-3	1	10	12	2	4	
-4	0	-1	4	13	3	-3	-11	
-4	5	0	-8	-44	-10	-11	-39	
-2	5	3	8	38	11	4	-6	
1	10	-1	-17	-73	-6	14	1	
-1	-4	-2	-2	-2	-37	5	10	
1	-8	0	1	6	17	3	17	
-5	-2	0	0	38	-33	-7	-9	
-1	2	0	6	19	-16	1	13	
-1	-6	0	1	0	11	1	4	
-2	-2	1	2	8	6	4	2	
1	5	-1	-5	-4	9	5	2	
0	2	-1	4	38	-2	0	8	
1	-3	0	-6	-42	-9	-3	10	
-1	-2	0	-2	-3	4	-3	-5	
-3	-2	-3	-2	-22	-1	-2	-7	
2	1	-2	2	6	-2	2	21	
-1	-5	-1	4	23	4	2	0	
-1	-2	0	4	-7	3	1	0	
-8	-3	-3	-13	-1	-5	-8	-67	
4	4	2	7	33	17	1	-3	
1	-6	-1	-1	13	8	1	21	
0	-4	-3	-3	-19	-31	-5	2	
0	0	1	5	8	12	6	7	
0	4	1	5	17	6	0	0	
-3	-3	-1	-4	35	18	-3	-11	
-2	-3	-2	-7	-22	1	4	-3	
3	2	1	2	6	-21	-2	25	
0	-2	0	-2	-2	-8	-3	13	
2	0	1	5	1	8	6	6	
-1	-1	-1	-3	8	3	-2	-3	
-2	0	0	1	-1	9	10	13	
0	-1	0	1	9	15	-2	-15	
-2	-2	-2	-3	-7	-14	-9	-10	
1	-1	0	0	9	2	-3	1	
-1	-2	-2	2	-5	2	0	-2	
0	1	-1	-4	-7	3	14	26	
0	-1	1	3	-6	20	3	-33	
1	-2	-1	-2	9	-28	6	46	
-1	-1	0	-2	-14	8	-4	6	
-2	-1	1	4	8	6	0	-5	
0	-1	-2	-8	-37	-3	-3	9	
-1	-2	-3	-1	-14	1	-6	-11	
-1	-1	-1	-5	8	-7	1	6	
1	-2	1	4	12	7	-1	2	
0	0	-1	5	26	-8	1	1	
-1	-3	-4	-13	-67	-18	-9	-15	
-1	-2	1	2	-12	9	0	7	
-3	0	-2	-9	12	9	-4	-7	
-1	0	0	3	4	-9	-1	5	
-1	-1	1	2	24	0	0	9	
1	-2	0	3	16	4	1	-4	
0	0	-2	-3	-9	4	0	1	
0	0	-1	-1	1	1	-2	4	
1	-3	-1	0	7	-6	-4	0	
-3	-2	-1	-3	10	-8	-6	7	
1	0	0	1	-3	3	-1	-2	
-2	-2	-2	-2	0	3	2	4	
-1	1	1	3	11	5	-3	-10	
0	0	-2	-2	-6	-1	-1	0	
-2	-1	-1	-2	-2	-12	-5	3	
0	1	-2	-3	-6	-6	0	-1	
1	0	-2	0	2	9	2	-5	
-1	0	-1	0	-2	-4	0	-4	
-1	-1	-3	0	4	2	5	28	
-1	-3	0	1	0	1	-20	-52	
-1	-2	0	2	0	6	7	0	
0	-2	-4	-14	-41	8	2	-1	
2	-1	2	2	3	-3	-1	-3	
0	-1	0	-1	9	-5	5	14	
0	2	-1	4	19	16	3	0	
1	1	0	2	-2	1	-6	-9	
-3	0	-1	-2	-15	-21	-5	-9	
-1	-1	1	-1	-5	-11	-2	10	
0	-2	0	3	11	11	-1	-7	
