-2	-3	-2	-2	1	-2	0	-2	
0	-1	1	0	0	-1	-2	0	
-2	-5	-1	1	0	-2	-2	-1	
1	1	-3	-3	0	0	-2	0	
0	2	0	-1	-1	0	0	0	
1	-1	2	-2	-2	1	-2	0	
-2	1	4	2	2	0	0	-2	
-1	1	1	-3	-2	-2	-1	0	
1	0	1	1	-4	-3	0	-1	
-1	-1	-2	-1	0	0	-1	-1	
0	-1	0	0	-3	1	1	-1	
0	-2	-2	0	-2	0	-2	-1	
-1	1	0	0	-1	0	-2	0	
0	1	0	1	1	-1	-3	-1	
-3	-3	1	-2	-1	-4	-1	-1	
0	-2	2	2	0	-1	1	-2	
-2	-2	-2	-3	-2	-2	0	-1	
0	0	1	0	-2	1	-1	0	
-1	2	-3	-1	-2	0	0	-1	
-1	-3	1	-3	-1	1	-1	0	
-2	-3	-1	1	0	0	-1	1	
-1	2	2	1	-1	2	0	0	
-1	0	-1	-3	-1	-1	-2	0	
-1	2	-1	-1	1	-2	-1	-3	
-3	-5	5	3	2	0	-1	0	
-2	-4	-14	-2	-1	-2	0	18	
3	2	-3	0	-4	-1	-1	0	
0	2	-1	-1	0	2	1	1	
-2	-1	-3	-1	-1	-1	-1	-16	
-1	0	3	0	-1	0	-1	4	
6	-4	-3	0	2	0	-2	-2	
0	5	1	-1	-2	-3	-1	2	
3	1	8	-2	0	1	0	8	
-22	-1	-5	0	-1	-2	-2	-15	
0	-1	-27	-2	0	0	1	0	
-1	-2	0	0	1	1	-1	0	
-2	-2	3	-2	-3	-2	0	1	
8	1	-8	-3	-1	-1	0	-3	
5	3	20	2	-1	-1	-2	-4	
-31	-10	-47	-19	-1	-2	-1	-5	
1	1	7	-2	-3	-2	-2	1	
2	-3	-9	-16	-2	-4	-5	0	
-4	-4	8	1	0	0	0	1	
23	2	13	1	-2	-1	-3	-1	
-7	1	2	8	3	3	0	4	
2	1	7	0	-1	-1	0	-7	
-4	3	13	1	0	-2	-1	-4	
9	0	0	2	-2	0	-1	1	
-6	3	3	4	1	1	0	-18	
7	0	2	0	0	-1	3	18	
6	7	-38	8	-1	-1	-1	1	
-15	-6	-1	0	-5	-2	-3	-25	
-8	-11	-14	1	-1	-2	-3	12	
-1	6	37	-17	-2	1	1	-6	
20	-6	-6	0	1	0	1	13	
9	-8	25	-2	-1	-2	0	2	
-3	8	22	19	3	0	0	-10	
16	-20	-28	-29	-4	-4	-6	10	
-21	7	27	-24	0	1	0	-15	
1	15	37	45	1	-1	3	6	
6	-15	-28	-3	-6	-3	-5	-3	
38	9	10	18	1	-1	-1	23	
-14	1	1	3	0	1	1	-6	
17	-11	-10	-21	2	0	0	6	
13	5	19	-11	-4	-3	1	-7	
-33	7	13	13	-3	-1	-3	-29	
-41	-19	-16	2	1	1	0	-26	
3	8	-12	-2	1	2	-1	43	
-27	-2	-41	-3	3	-2	-1	-10	
-17	-32	-2	-14	-7	-2	-2	-11	
20	25	-15	-21	-7	-3	-2	24	
-24	-8	14	1	22	5	2	-22	
36	-10	30	-5	-1	-2	-1	-19	
74	10	6	10	0	-2	-1	82	
1	2	42	40	-3	-2	-1	-51	
31	2	-8	-29	-8	-1	0	1	
1	7	-11	-44	3	2	3	20	
-8	32	53	12	-5	-1	2	-37	
24	-4	-83	-8	-7	-4	-5	31	
-19	3	17	60	4	1	1	-8	
-25	8	-50	-52	8	5	-4	9	
32	0	-117	14	-12	-5	-3	-48	
-3	-15	52	-13	3	-3	-4	17	
2	-43	-7	24	-11	-6	-17	-52	
-9	20	5	5	4	1	10	21	
-30	0	91	-16	6	8	-7	34	
21	1	-39	11	3	-2	7	18	
65	18	13	-41	2	3	5	11	
6	-44	-6	50	4	-2	2	8	
-44	21	-40	3	6	2	2	-17	
29	-2	53	18	3	3	0	34	
-6	4	3	-6	2	2	0	7	
40	40	50	15	-7	-1	-2	10	
-29	-24	52	-8	11	2	-1	-9	
-34	12	-87	23	2	1	-8	19	
4	16	-27	-48	-17	-4	3	-57	
24	-6	32	-67	-9	-3	-15	15	
49	27	-36	76	12	8	18	-38	
-100	-8	76	-27	-8	-3	32	-5	
-22	-34	9	17	-2	-2	7	32	
18	-46	-8	-40	-4	-4	-17	8	
30	33	67	32	-5	-3	2	-23	
61	37	74	-7	22	9	-1	36	
-82	10	-110	-38	-30	-9	-14	78	
4	6	18	47	10	2	10	-18	
-23	-37	-56	38	-4	-7	-4	14	
-11	-53	39	-2	-7	-3	-9	-36	
5	26	30	48	8	0	3	26	
-54	9	34	35	-7	-1	-12	27	
-1	-32	-20	-63	6	0	29	-15	
8	41	-19	-14	0	-1	2	56	
21	15	13	24	8	0	38	7	
-30	-21	-37	27	-3	4	45	-90	
11	12	-14	-2	-8	2	42	48	
10	-13	-37	-8	-6	-6	-2	-27	
2	12	6	-16	5	1	-2	-34	
-2	19	-24	62	-4	0	-68	19	
-33	48	5	-48	-6	-6	-2	5	
23	37	-31	93	22	10	5	-25	
-32	-103	-12	-87	-19	6	5	-5	
1	37	-5	98	3	-3	1	8	
-24	-80	-17	-65	-20	-6	-34	-11	
38	29	-27	69	-7	-7	-22	6	
12	-1	-2	5	10	-2	12	-14	
0	24	-7	-40	4	-5	9	-6	
-16	-36	-1	-38	-8	-6	-33	-47	
-54	-34	-11	87	29	4	-65	2	
-5	-67	10	-40	-10	5	75	45	
-28	48	-2	-67	-18	8	5	-46	
8	47	-11	24	14	2	-1	76	
48	9	-11	-10	-26	-11	0	-37	
-16	51	-2	83	5	-5	-9	63	
5	-25	-8	-3	-1	-10	9	29	
-9	59	-3	16	7	8	26	-2	
-36	-14	-8	-72	-13	0	6	-32	
58	20	-15	125	-1	-6	-21	-30	
11	30	-7	36	3	-2	21	17	
-27	-94	7	-81	2	3	-19	-31	
-30	-22	4	-21	-20	-10	-4	0	
47	120	8	58	20	10	-11	-9	
-14	-79	1	-102	-13	-12	-22	-8	
-13	6	-5	-39	-20	7	-6	5	
-40	10	-3	63	14	8	-6	-37	
60	-12	-2	-66	0	2	27	57	
2	-3	-5	49	16	8	14	22	
-28	-13	-1	1	3	-8	-27	1	
-23	39	-5	-46	0	5	10	-24	
-30	1	1	-8	1	1	-34	-24	
41	36	2	-8	2	3	-8	42	
-1	-14	2	-5	15	1	20	56	
-25	-1	-3	2	-4	5	44	20	
-70	-82	1	31	2	-13	-36	-72	
28	9	3	70	-6	-1	10	19	
30	78	-4	78	11	12	-1	-9	
-13	-77	-3	-55	-41	-30	-31	-19	
-17	-11	3	-49	6	1	-1	-11	
42	50	-3	-35	12	7	-6	-24	
-7	-62	-3	35	4	-9	26	-19	
85	28	1	-85	-5	3	-9	26	
15	-22	2	-44	-4	1	-6	31	
-66	-87	-4	13	-7	-11	-42	-10	
-20	85	-5	1	10	4	-44	55	
62	43	-1	-20	0	7	64	-87	
11	73	1	39	0	12	52	43	
4	-62	-1	-70	-11	-12	-5	2	
-6	-21	-1	22	-2	-3	-8	7	
71	62	-5	0	5	9	-3	50	
17	4	3	-22	4	-5	-37	-34	
-39	-76	5	-56	-4	0	41	-5	
31	24	-2	-4	-14	-6	6	-25	
-28	-46	-8	-11	-8	-4	18	29	
26	29	3	-73	6	2	-9	-17	
2	-55	-3	99	6	-3	-44	-33	
17	-26	-2	48	-6	-7	39	-4	
15	-3	3	-89	4	4	-1	9	
2	9	-2	38	7	3	1	20	
18	76	2	-33	-1	5	5	-47	
-2	12	-3	41	0	0	-23	-16	
-18	-23	0	72	9	2	-17	20	
-11	15	2	36	-3	-4	22	57	
-36	-47	0	-61	-13	-3	6	-22	
69	19	-3	-70	4	-2	-52	-39	
-37	38	0	1	9	5	11	16	
23	-12	-5	49	8	1	-14	-11	
111	45	-5	-9	-20	-5	3	61	
-80	8	-1	-60	-16	-11	-6	-31	
15	-34	-3	22	33	13	9	21	
-45	10	-2	-75	-38	-9	-26	-34	
-22	-7	0	28	23	12	2	14	
52	47	-3	-19	0	8	16	18	
-4	108	2	41	0	-10	-11	-34	
-5	-2	1	40	-8	-10	-11	-14	
-32	13	-1	-25	7	7	-6	-8	
16	-31	-1	-19	-5	-7	-25	-22	
-33	13	5	62	9	-9	31	49	
-10	-67	0	0	1	19	-41	35	
12	76	-2	-13	-9	1	-4	63	
10	59	5	51	25	12	35	33	
13	-5	-2	-50	-9	-16	-74	-24	
11	-33	-1	61	-2	0	15	32	
-40	17	-1	-50	-13	-5	29	-19	
72	80	1	-63	0	10	-31	-16	
-48	-43	2	-95	-25	-9	-25	-8	
-15	-6	4	-54	8	-1	42	-21	
11	25	-4	24	13	10	6	-17	
11	19	-3	47	-6	-1	20	20	
42	17	4	84	21	17	-21	3	
12	17	-1	-128	-30	-18	-55	4	
0	35	-2	122	10	-3	14	30	
-55	-29	0	-22	0	-8	-6	-22	
15	-12	-7	66	-1	10	13	13	
-36	20	0	16	13	6	-19	-43	
71	-12	1	-20	-3	-7	-22	3	
-75	-35	-6	35	-1	3	-5	-30	
43	11	0	-51	7	9	35	49	
-50	-76	-2	29	-26	-25	-1	-35	
10	-10	-5	13	11	0	18	-16	
-15	14	3	48	-27	-15	11	-5	
-13	40	-1	-71	4	3	8	6	
-58	28	-3	-31	5	2	29	9	
-24	-78	3	14	-21	-8	4	-12	
17	-45	0	-1	13	0	4	-6	
12	-58	-2	-21	-16	-9	-8	-64	
9	29	1	20	8	6	-18	-19	
-3	33	-1	-14	3	-2	-59	-105	
23	-10	-1	-17	11	10	53	56	
-8	-38	-3	30	-21	-12	5	37	
41	-28	-3	9	-1	0	77	-57	
-40	55	-2	-40	5	6	-2	49	
-3	14	0	44	0	-4	-29	-18	
-38	-36	2	29	12	1	3	13	
-38	57	-3	-22	-6	-3	0	-11	
-49	-27	0	54	-11	-7	-3	7	
11	4	-2	-47	18	7	-16	-2	
-13	20	3	60	-45	-20	-30	-50	
65	9	0	53	20	1	-1	-42	
21	77	-2	20	38	16	4	11	
-35	-48	2	-3	-18	-8	-13	7	
5	72	0	-90	20	11	12	-61	
-2	-44	-1	30	-6	-4	-20	4	
58	12	-1	23	7	9	21	21	
-68	-40	-3	60	16	9	-13	-5	
-27	9	-2	11	-2	-1	25	54	
-43	6	-3	-5	4	-3	0	90	
-21	-67	-3	-105	-20	-7	1	17	
2	-18	2	13	-10	-8	-15	-66	
39	34	6	-48	16	14	33	-7	
-10	24	-1	96	9	3	30	41	
-4	-3	1	15	-22	-13	7	0	
23	-28	1	25	-25	-9	-8	8	
-18	22	-2	-28	-1	-1	-56	-2	
36	78	3	-1	16	10	-16	-22	
-31	-62	-1	40	26	4	12	-12	
-5	8	-2	-20	-34	0	15	10	
22	-8	-3	30	2	-4	-25	-2	
-8	-7	-1	-25	-1	-2	-53	17	
2	-6	0	36	-3	-11	-31	3	
18	19	-2	11	25	9	59	-23	
-10	-60	1	52	-4	0	-21	-40	
20	-37	0	-25	-19	-14	-12	18	
39	-13	-2	-81	-18	-11	-56	-63	
-52	-59	0	3	12	0	37	67	
-5	-24	-4	-77	-15	-3	8	83	
33	33	2	0	7	8	18	36	
47	-3	0	33	-19	-5	32	6	
32	91	-1	-81	8	4	2	-1	
-13	-35	-4	106	-8	-18	-29	-27	
11	-22	3	-53	1	12	-16	-2	
-41	4	-1	-38	0	-8	-25	11	
40	68	-1	-11	11	10	-4	1	
-25	-9	-2	92	2	-2	-8	-27	
30	1	-3	-76	2	-8	-61	-56	
10	56	-1	98	41	10	47	-3	
17	49	2	-120	-26	2	-20	-14	
-22	-8	-3	6	5	10	36	-57	
-27	-33	0	41	-24	-30	-39	89	
24	52	1	5	-3	12	-17	-88	
38	-34	-3	28	4	-12	23	49	
-63	2	3	-24	-13	-4	-25	-5	
-30	57	2	-56	3	3	23	9	
-11	68	-1	-14	-4	-4	14	32	
-18	-108	-2	-36	6	3	-31	2	
17	-15	0	-32	-14	-4	-5	-9	
10	-2	-3	54	3	2	-4	-43	
-40	-59	3	40	5	-5	-12	30	
2	-29	-1	-38	-22	-1	-2	-17	
16	13	-1	-3	28	8	8	21	
-11	-6	1	-38	-4	5	16	-25	
-1	-22	-5	-20	-3	2	17	16	
-22	23	2	90	-6	-9	0	-15	
12	-29	1	18	13	1	7	-9	
-6	17	2	19	8	11	-21	-51	
-14	-5	3	-43	-10	-5	46	49	
-18	-15	-1	12	6	-1	-63	-59	
-31	-26	-3	-24	-4	-1	77	115	
10	37	2	36	11	7	-14	-34	
-16	-39	2	-69	-17	-10	-17	-20	
-25	0	1	29	4	-4	-7	-3	
2	10	1	-26	-7	-3	-10	-20	
-12	-33	-2	-13	-2	-2	14	-4	
2	19	2	3	-1	4	-3	14	
5	18	-4	26	1	-3	15	22	
14	-3	2	29	10	-2	-21	-23	
5	-4	-4	-54	-16	-2	16	7	
1	28	-2	11	7	3	-12	-6	
-8	-23	0	-20	-1	-1	-10	-13	
12	8	-3	-17	7	4	-8	-2	
5	6	0	4	4	0	9	2	
-4	-10	1	44	4	0	-4	0	
9	50	0	36	-1	4	1	6	
-7	-49	3	-47	-12	-6	-3	-2	
4	9	-1	9	4	-1	10	3	
-4	-16	-1	-86	-16	1	-16	-9	
12	26	-2	65	9	-3	19	8	
8	23	-1	-21	13	5	-17	-40	
4	43	-4	22	-4	-2	31	-3	
8	-6	0	5	2	4	-16	7	
-14	-21	1	-8	-1	0	-21	3	
5	-17	-5	20	-11	-3	22	3	
20	11	-24	-56	-7	-5	-3	-31	
-1	2	-15	41	16	2	-4	21	
-11	-8	10	11	-5	0	-1	-9	
11	24	-2	-60	0	2	-19	-10	
3	-21	3	29	1	-1	5	-25	
-5	24	-26	17	-4	1	11	3	
1	-24	-20	8	3	-5	-12	-8	
-4	7	5	-26	-1	0	3	13	
-14	-19	13	-4	-1	1	-6	15	
-3	-8	63	-14	-2	-3	-6	-14	
5	11	76	10	0	-2	9	4	
6	5	33	9	-1	-1	-5	5	
-2	-9	45	4	-1	0	-1	8	
-2	-8	63	0	-2	-1	-3	-9	
0	-8	59	-19	-2	0	-7	4	
7	13	-61	3	-6	-1	4	6	
-12	-16	-93	13	2	-3	-8	6	
-2	4	-87	7	2	-1	2	-10	
-9	-16	-61	-41	-4	-1	0	2	
3	7	-32	7	2	2	5	0	
-7	0	-59	14	1	-1	2	6	
0	3	-29	-11	-4	-2	-6	-4	
8	-6	-22	-5	1	0	-8	-2	
-2	-1	-5	12	-3	-4	-1	2	
-9	-19	-20	3	1	-2	-24	5	
1	-4	18	-10	-2	-1	22	5	
0	-2	21	-5	-1	-2	-5	-8	
-3	0	3	4	-2	1	-7	2	
-3	0	12	3	-1	1	6	4	
-4	-9	5	-10	-5	0	-6	-4	
0	2	-3	5	1	-2	3	10	
4	4	-8	6	1	0	4	2	
1	-1	0	-17	-6	-1	0	1	
-7	-10	3	3	0	2	-4	-3	
4	4	-1	-6	0	-2	4	0	
2	5	-4	15	1	-1	-2	1	
-2	-7	-10	9	4	-1	0	-3	
-4	-3	3	-9	-3	-1	-5	0	
-3	-13	12	5	1	0	2	0	
1	4	8	-2	-5	-3	-5	-2	
-2	3	-12	-7	-1	1	1	4	
-1	1	1	1	1	0	0	-1	
5	6	-7	-2	-1	-2	1	0	
-4	-7	2	-7	-1	-1	-2	-2	
-2	-4	-5	2	-2	0	0	0	
0	-1	-4	4	-3	-2	-1	-1	
2	1	4	-6	-3	1	-1	-2	
-1	-5	2	-4	4	0	-1	-2	
-4	-1	2	7	2	0	1	0	
0	2	-7	-5	-1	0	-2	-2	
-3	2	-3	0	-1	1	0	2	
1	2	-1	-8	-5	-3	1	1	
0	-2	3	6	1	-2	1	1	
-2	-2	-1	-2	-1	-1	-3	1	
-1	-4	-3	-3	3	-2	0	-1	
2	-6	8	4	-1	-2	-2	-1	
2	4	9	4	-2	0	1	1	
-1	-6	-1	-8	-3	-3	-3	0	
0	3	0	1	-2	-2	-1	0	
-1	-1	1	3	0	0	0	0	
1	3	1	-1	0	-2	0	1	
1	0	4	0	0	0	0	0	
-1	-2	2	-1	1	-1	0	-2	
3	7	2	2	2	0	-1	1	
-1	2	7	-6	-3	0	2	-1	
-1	0	-6	-4	0	-2	-1	0	
-4	-6	-4	-1	0	1	-2	0	
0	0	2	-1	-1	0	-1	0	
0	-6	3	4	-1	-1	0	1	
1	0	2	2	-1	0	0	0	
3	8	-3	-2	0	-1	-1	-1	
-3	-3	5	-1	-2	-1	-1	-2	
-1	-1	6	0	3	1	-1	-2	
-1	-2	-1	-2	-2	-3	-1	-1	
-1	-2	-2	-2	0	-1	0	0	
0	0	-1	0	0	0	0	1	
-2	-5	0	0	2	-1	-2	-3	
-2	0	-4	1	-2	-2	-2	-1	
0	1	-2	-1	-1	0	1	-1	
-3	1	0	-2	-2	0	-1	-1	
1	4	9	-1	0	1	0	0	
