-1	-1	-2	0	1	1	1	0	
0	0	0	-1	-1	-2	-2	-1	
-2	1	-1	-2	0	0	1	0	
-2	-2	-3	-2	0	-7	-2	-1	
0	1	1	-1	-1	0	-1	-2	
-2	-1	0	0	3	-1	-1	-2	
0	-1	-2	-1	-2	-1	-1	1	
-2	-1	-1	-1	-3	2	0	-2	
0	-2	-1	-1	-1	-2	-1	0	
-1	-1	-2	0	1	-2	-1	-1	
-2	2	0	0	-3	-2	-4	-1	
1	0	0	-2	-2	4	1	-2	
-1	0	-2	-1	-1	-2	1	-3	
0	0	-1	-2	-4	2	0	-1	
0	-1	1	-2	1	-3	-1	-2	
-2	1	-1	1	-2	0	0	1	
1	1	0	-1	-1	-1	-2	-1	
0	-2	-1	0	0	-1	0	-1	
0	1	1	-2	-2	-1	1	-1	
-3	-2	-1	-2	0	2	1	0	
-1	-2	0	0	2	0	-2	1	
-1	-1	1	1	-1	0	0	1	
-1	-2	-2	-2	2	-3	-2	-1	
1	-1	1	0	-2	-2	-1	0	
-1	-1	-3	0	-1	0	-2	0	
0	-1	0	-1	1	-1	-1	-2	
1	0	-1	0	-3	2	1	-2	
-2	1	-2	-3	-1	-3	-3	-3	
-2	-1	1	-1	-2	-3	-1	-1	
-1	0	0	0	2	-2	-2	0	
-1	-1	-3	0	-2	0	3	0	
0	-1	-1	-1	-2	-1	0	0	
-1	0	-1	-1	-1	0	1	-2	
-1	-2	0	-2	1	0	0	-2	
-1	-1	-2	0	-1	-3	-2	-1	
0	0	0	-1	-2	-2	-1	0	
0	-2	0	0	-1	-1	-3	-1	
-2	-1	-1	-2	0	1	-1	1	
-1	1	-1	-1	0	0	0	-1	
0	-1	-1	-2	0	-2	0	-1	
0	-1	-1	-1	-1	0	-1	0	
-3	-3	0	1	-3	0	0	0	
-1	0	-1	-1	0	-3	-3	0	
-1	0	-2	-3	1	0	0	-1	
-1	2	-1	0	0	0	0	-3	
1	0	-2	-1	0	0	-1	-1	
0	-2	1	-1	-4	-2	1	0	
0	-1	0	-1	-2	0	-1	0	
-3	-1	-1	0	0	-3	0	0	
0	0	-2	-1	0	-5	-2	-2	
-2	-3	0	0	-2	1	0	0	
1	-2	0	-1	-3	-4	-3	0	
0	-1	-1	1	2	-1	-1	-2	
1	1	-2	-1	0	1	-1	0	
1	0	-1	-1	0	0	0	0	
-3	-1	-1	-1	2	3	-2	-1	
-1	0	-2	-1	1	-5	-2	-1	
-1	0	-2	-2	-1	-1	0	-1	
-1	0	2	0	1	-1	1	0	
0	0	-1	-2	0	2	0	0	
-1	-1	0	-1	-1	2	0	0	
-1	-1	1	1	3	3	-1	-1	
0	-2	0	-1	-3	-1	0	-1	
0	0	0	1	-1	1	-1	-1	
0	-2	1	0	0	2	0	0	
1	0	-2	0	-2	-1	0	-2	
-1	-2	-1	0	1	-2	-3	0	
0	-2	0	-1	-1	0	1	-1	
1	1	-2	0	-1	-3	-2	-1	
0	-1	-1	-1	-2	-2	-1	1	
-1	-1	-2	-1	0	0	-1	0	
-1	1	-2	-1	-6	-2	0	-1	
-2	-2	0	1	1	0	1	0	
-2	-1	0	1	-1	-1	0	0	
-1	0	0	-3	-2	-1	-1	0	
0	-1	-2	0	-1	0	-1	-1	
-2	-2	0	0	1	0	0	0	
0	-1	-2	0	3	-6	-3	-1	
-1	1	0	-1	1	2	-2	-2	
0	2	1	-2	-1	-3	-1	-1	
-1	1	0	0	1	1	-2	-2	
-1	0	0	-1	-3	-3	0	-1	
-3	-2	-2	-2	-2	-5	-1	-2	
0	-1	-1	0	-3	-1	1	-1	
-2	0	-1	-1	-2	-4	-2	-2	
-1	1	-2	0	-2	-1	0	0	
-2	1	-1	-1	1	-1	-1	-1	
-1	-1	-2	-1	-1	-1	-1	1	
1	-2	-1	0	0	4	1	1	
-2	-1	0	0	0	3	-1	0	
-1	-1	-2	-1	-2	-6	-2	-2	
-1	0	0	0	3	-3	0	-2	
0	-2	-2	0	7	-3	-1	-1	
0	-1	-1	-2	-12	0	0	0	
1	-1	0	-2	-4	4	2	1	
-1	-1	1	1	9	2	-2	-1	
-1	1	1	1	-15	0	1	1	
-1	0	-2	-1	16	-2	-2	-2	
-2	0	0	2	-14	1	-1	-1	
1	-1	-1	-3	-47	-4	-1	-1	
-3	-2	-5	-13	60	-2	-4	-2	
-1	0	1	-3	5	1	-1	-1	
-1	-1	-2	1	-32	-6	-4	-2	
0	-1	-2	-3	-45	1	-2	-3	
0	2	2	4	-15	4	0	0	
-3	-3	-3	-12	-15	-2	0	-1	
0	2	0	3	20	5	2	0	
-1	0	1	2	32	-2	1	-1	
-1	-1	1	12	14	-2	1	-1	
-1	-3	-4	-16	-66	0	-2	-2	
0	-1	-1	-12	-5	-10	-2	1	
1	0	2	4	20	6	1	0	
0	0	1	0	-29	-5	0	-1	
1	0	0	20	46	6	1	-7	
3	1	5	4	-25	4	3	11	
-5	-5	-10	-2	67	-15	-7	-5	
1	1	1	-4	-48	-7	4	0	
-5	-4	-9	-3	29	-4	-9	-11	
2	0	5	14	-33	13	9	38	
2	4	7	14	-73	-2	1	2	
-2	-4	-8	-37	-38	-7	0	-3	
-5	-8	-17	-54	-77	-26	-12	-3	
-1	0	2	9	43	8	-2	-16	
-1	1	5	18	48	4	3	3	
4	2	7	13	-22	13	8	10	
3	5	8	23	34	7	7	6	
-4	-5	-6	-12	52	-4	11	9	
2	2	3	-14	-57	5	9	5	
4	5	8	1	94	9	2	-6	
0	-2	0	53	-4	11	5	12	
-4	-4	-13	-23	-52	-28	-9	-30	
4	6	16	65	107	11	1	10	
-13	-18	-38	-97	-80	-12	-19	-14	
10	19	40	37	-87	26	21	14	
-7	-10	-26	-50	37	-43	-23	-6	
-18	-20	-34	13	36	-3	-18	-49	
6	9	20	79	76	26	38	56	
6	7	23	55	-47	4	-2	-10	
-6	-6	-17	-59	23	-23	-12	-27	
7	5	11	-8	-128	17	7	20	
1	1	7	126	127	10	2	-21	
-4	-5	-10	-72	-97	-31	1	4	
6	8	12	-30	-11	35	15	7	
-3	-1	-10	-65	85	5	-7	0	
0	2	9	25	-6	29	-7	13	
3	5	3	-22	99	-23	-3	-5	
-7	-14	-19	5	-22	-37	-27	6	
8	10	18	7	92	28	-10	-24	
-10	-10	-18	-48	-95	-37	-56	-57	
13	14	33	72	127	42	37	28	
-6	-14	-38	-69	-46	-39	-10	0	
-3	-5	1	41	53	11	7	2	
11	17	27	14	53	0	9	6	
-21	-29	-58	-38	-65	-61	-34	-32	
18	26	62	127	105	66	26	4	
-16	-25	-54	-126	-128	-22	-13	-3	
19	29	64	54	31	56	33	-5	
-11	-20	-45	-60	-20	-51	-19	32	
2	7	23	45	13	69	14	-2	
2	1	-1	39	83	-40	-3	3	
8	16	36	51	-85	46	38	25	
-12	-17	-32	37	7	15	-24	-25	
6	8	-3	77	60	0	-4	-39	
-16	-25	-52	-76	-128	-10	-27	7	
6	8	27	64	65	13	15	-8	
1	-3	-7	13	-44	-77	5	18	
-6	-6	18	81	41	30	-27	-32	
17	27	49	-15	121	19	30	2	
-24	-40	-81	-109	-78	-70	-34	-1	
16	27	48	-24	72	23	12	8	
-12	-18	-34	-77	28	-92	-10	31	
7	10	16	102	91	20	14	13	
4	7	16	13	127	37	4	-1	
-14	-14	-33	-61	-67	-56	-31	-20	
-3	-6	-11	69	2	-14	-1	-1	
20	29	60	112	117	69	38	14	
-28	-40	-81	-46	21	-75	-58	-30	
15	28	62	126	63	54	29	-2	
6	11	14	-48	70	-15	10	11	
-18	-30	-60	1	-43	-10	-16	-11	
33	45	85	117	-1	50	51	33	
-23	-28	-46	-96	0	-32	-44	-28	
3	7	6	-69	-61	44	9	-9	
13	22	56	104	-128	-72	6	39	
-29	-47	-97	-128	-75	-24	-29	4	
1	7	25	67	48	38	-6	-16	
8	9	23	69	34	65	24	15	
5	11	30	67	67	-6	-6	3	
-8	-14	-35	-87	-101	-78	-27	-22	
5	4	5	75	41	44	3	16	
-17	-12	-17	44	33	-72	-17	-19	
5	0	-5	-52	30	20	7	2	
-8	-9	-12	-11	62	-40	-24	-15	
15	20	34	89	127	51	35	30	
-33	-55	-107	-86	-84	-34	-65	-44	
10	21	41	45	0	55	36	51	
8	13	44	121	-55	39	26	21	
-33	-51	-102	-86	-29	-85	-55	-82	
35	53	126	127	102	69	48	72	
-13	-22	-56	-89	-18	-76	-18	-28	
-1	-2	-7	12	-48	-18	-1	-2	
19	30	52	52	40	54	42	24	
-24	-35	-69	-99	-110	-16	-35	-37	
-5	-14	-41	-128	-12	34	-7	-10	
-4	-1	-6	120	127	17	7	-3	
7	9	26	-19	-44	27	10	19	
-4	-8	-36	-90	-50	-12	4	8	
21	34	81	127	42	35	29	10	
-16	-28	-51	-29	78	-28	-15	1	
3	6	14	71	-34	-24	7	6	
20	24	34	-50	12	89	27	21	
-8	-13	-22	46	3	8	-17	-40	
5	18	55	78	49	106	21	23	
4	5	10	-9	46	28	7	-3	
16	19	44	72	-117	20	28	40	
-14	-5	18	59	71	76	1	-23	
4	4	16	-13	-19	7	-11	-6	
6	8	28	40	105	32	18	22	
-14	-19	-55	104	60	-32	-22	-14	
-2	-2	-6	5	42	-4	-3	-15	
1	0	-5	12	76	35	8	13	
-25	-33	-81	-110	-80	-86	-33	-10	
2	3	13	29	45	53	14	-4	
9	12	23	35	113	5	3	6	
-10	-19	-40	-128	-116	-92	-28	-11	
-6	-8	0	126	101	40	-5	-22	
1	7	14	106	127	-53	-3	1	
-15	-16	-27	-80	-101	-32	-21	-22	
13	18	38	-35	-30	36	7	26	
1	-3	-11	-50	24	25	5	3	
-2	2	14	15	90	-59	-17	-8	
23	29	47	-9	60	8	34	24	
-29	-41	-65	7	-90	-102	-63	-48	
-4	-6	0	15	-29	28	-15	-18	
25	41	90	117	127	106	43	33	
-37	-57	-111	-63	-99	-56	-49	-13	
8	13	28	16	37	6	25	17	
38	55	83	59	82	74	52	40	
-52	-78	-110	-124	8	-71	-69	-41	
7	13	35	22	-119	45	4	3	
2	5	4	70	89	104	13	-3	
24	37	82	90	63	88	47	34	
-22	-37	-56	67	-3	-68	-35	-41	
-6	-7	-1	49	125	16	-20	-43	
-3	-2	-2	-29	30	46	9	4	
20	30	53	34	26	8	18	10	
-18	-26	-55	-93	-34	-25	-30	-37	
1	5	7	31	-5	-32	13	29	
24	30	54	114	127	14	30	16	
-22	-34	-71	54	58	-54	-20	-8	
21	32	57	24	51	103	56	29	
-19	-32	-61	-102	-116	-93	-41	-4	
16	31	57	90	127	9	22	-13	
15	15	37	2	51	79	21	27	
-34	-46	-90	-89	-55	-79	-55	-29	
3	14	31	96	44	4	7	2	
14	19	38	68	-60	-2	17	7	
-32	-49	-80	-5	-40	-65	-55	-64	
19	27	58	7	83	127	32	61	
12	19	46	-13	65	9	24	-17	
-25	-42	-79	-105	-29	-77	-41	-22	
17	30	57	75	30	28	32	34	
25	38	74	-32	-81	-29	8	-7	
-31	-49	-81	-73	68	-50	-38	-10	
16	26	63	106	112	25	28	26	
-12	-14	-23	-93	100	14	-21	-44	
15	24	26	-3	34	5	26	32	
3	-3	-16	-57	-39	69	9	11	
-7	-11	-23	-90	-128	-48	-13	-37	
-8	-10	-20	36	38	-64	-9	28	
-11	-14	-34	-48	45	22	-21	-19	
3	8	14	-9	-45	-54	-6	0	
6	8	14	5	127	49	14	1	
-6	-11	-22	-78	-90	10	2	22	
16	25	51	48	-17	59	31	4	
-5	-21	-51	-27	106	24	-1	6	
-1	3	10	-47	25	-35	-19	-8	
-8	-12	-19	32	27	-9	-1	42	
7	12	26	127	127	37	26	-1	
5	7	13	-51	103	20	1	6	
-31	-47	-92	-68	-107	-16	-32	-13	
-2	5	12	25	92	-2	-6	-45	
4	4	14	30	53	-52	8	-4	
18	24	52	127	-72	58	30	51	
-9	-11	-23	-68	-59	-18	-6	-23	
-7	-14	-25	-42	-23	-79	-37	-12	
2	7	24	18	-64	-34	-2	0	
0	0	-5	118	-19	-68	-11	-11	
3	5	15	25	120	17	14	16	
9	14	38	-8	44	65	14	-1	
-12	-21	-29	-28	107	-53	-19	-13	
2	7	3	-27	6	-71	1	-14	
-4	-7	-13	-39	79	62	1	54	
5	10	26	85	54	11	-14	-42	
17	23	41	0	33	21	22	16	
-24	-33	-48	20	115	-14	-25	-31	
2	9	16	57	117	38	6	-38	
7	8	18	-17	-123	-82	3	47	
-12	-17	-38	17	-5	-64	-7	-2	
1	4	12	-4	-22	12	-4	-6	
-1	0	5	45	51	-72	-5	-10	
-13	-17	-38	-128	-128	-22	-13	-13	
0	1	-7	-9	-65	31	-2	-11	
12	21	49	19	6	10	14	17	
-8	-15	-33	-49	-121	-43	-15	-7	
-5	-6	-20	7	78	-1	-1	-8	
0	2	4	-33	-108	11	4	11	
2	1	1	8	60	9	3	-5	
2	3	5	1	-59	-10	-1	7	
-6	-10	-14	-12	-20	19	-1	-7	
-2	-1	-3	-24	-71	-8	-5	-25	
2	3	4	0	-29	9	4	16	
2	2	5	12	12	16	8	-3	
-5	-7	-13	-19	-26	-3	-9	4	
-2	-2	0	-5	7	-7	-7	-14	
-1	-2	-3	-12	-8	19	13	17	
6	4	11	18	-10	10	3	12	
-4	-3	-5	-17	-8	2	5	-14	
1	-1	-2	-10	19	-1	-1	6	
-2	-2	-2	-9	-28	13	-3	-8	
-2	1	1	20	-10	-10	-2	-12	
-1	-2	-5	-6	12	8	1	2	
0	1	-3	14	9	1	1	5	
-1	2	-4	-13	2	3	-2	1	
-1	1	3	13	-3	-1	1	-6	
-1	-5	-6	-6	0	2	-3	-13	
-1	0	0	-3	10	11	8	12	
-1	-1	-1	-9	-4	-7	-9	-11	
0	1	2	5	-3	1	-3	-12	
-2	-3	-1	-4	-15	4	2	15	
-1	-2	-4	3	-1	-2	1	6	
-2	-1	-2	-3	-5	-7	-4	-2	
0	-1	0	11	-13	-6	-2	4	
-2	-1	-2	-5	-8	-2	-1	0	
-4	-3	-1	0	-2	-2	-1	-8	
1	-2	-2	-2	-7	-3	5	30	
-5	-2	2	3	-8	4	-9	-54	
4	1	0	-1	-2	8	18	25	
-2	0	-1	-2	-2	1	-2	-38	
2	0	1	-2	-13	-3	0	-4	
2	1	0	5	-5	5	9	38	
-4	-3	-3	-3	0	0	-5	-10	
-1	-2	-2	2	-3	1	-6	-4	
-2	-1	0	-3	-7	-16	4	-9	
1	-2	-2	0	2	-3	1	14	
-2	-1	-1	0	1	-1	-1	-14	
1	-1	-1	-1	1	2	-3	6	
0	1	-3	-4	-4	2	-3	4	
-3	-2	-1	-1	-4	-12	15	38	
-2	0	1	1	1	2	-14	-50	
-6	-5	-4	-4	-2	-17	-29	2	
-1	-1	-1	0	1	5	1	-3	
0	-1	0	6	-1	5	-3	-2	
0	1	-1	-4	-2	-1	-6	-9	
1	1	1	-2	-5	0	10	25	
0	-1	0	1	3	3	-16	-23	
0	-1	0	-2	-3	5	-1	14	
-2	-1	-2	-4	-3	-3	5	17	
3	1	2	2	5	6	3	4	
-3	-1	0	-2	-2	-2	-5	-10	
1	-1	-1	1	0	1	-15	-55	
0	-2	-2	0	4	-1	-4	0	
0	-3	0	2	1	2	10	9	
-4	-4	-2	1	1	-5	0	-1	
-3	-1	-2	4	5	-9	-11	11	
-1	-1	0	-1	-1	-1	-1	2	
1	-2	-1	-1	1	1	-2	-3	
-1	-1	0	-1	0	-2	3	6	
0	-1	1	2	3	3	3	0	
-1	0	-2	-1	-5	-5	-1	10	
0	1	0	0	4	3	6	0	
0	0	-2	-4	-2	-6	-3	-3	
0	2	-1	0	-2	-2	0	2	
1	-2	0	-1	1	0	-8	-10	
-2	0	-1	2	0	2	-2	-26	
-1	-2	-2	-4	-7	-1	-9	-19	
1	0	1	0	0	4	1	8	
0	-4	-1	-2	-1	-6	-1	7	
1	2	-1	-2	-2	-8	-2	1	
1	-2	-2	-1	0	-3	-1	22	
-2	0	-1	-1	0	1	2	1	
-2	-1	-1	0	-2	2	3	-4	
0	-1	-1	-3	0	-1	3	2	
-1	1	1	1	-1	6	1	-6	
-2	-2	0	0	2	5	3	-21	
-2	-1	-2	-2	-1	0	-1	5	
-2	-1	-1	-2	0	2	1	10	
0	0	2	0	-2	3	-4	3	
-2	-3	-1	-1	-1	-5	-15	-42	
-2	-2	0	-2	0	-1	0	-3	
2	2	0	-1	-1	0	-3	13	
1	0	-2	-1	1	3	10	-5	
3	-1	1	1	-1	0	9	25	
-1	0	0	0	0	1	0	-2	
-1	-2	-1	-1	-3	-1	-2	-8	
-4	-2	-1	-1	-1	-2	0	-19	
1	0	0	-1	0	1	0	35	
0	2	0	-3	-1	-1	0	3	
-1	0	0	0	0	4	1	0	
-3	0	0	-1	2	2	-1	-1	
