-1	0	-1	0	2	14	1	0	
0	-1	-1	0	-1	-3	-3	0	
-1	-1	-1	-1	-4	0	1	-2	
0	-1	0	-1	0	3	-1	-2	
0	-1	-1	-2	-4	-5	0	-1	
0	-2	1	0	1	-4	0	-1	
0	-1	-1	1	2	4	-1	0	
-1	-2	0	-1	-1	-5	-2	-1	
0	0	-1	0	-1	-6	-3	-1	
0	1	0	-2	-2	-5	0	-2	
1	0	-1	0	-1	1	-5	0	
1	1	-1	0	0	-1	-2	-2	
-1	-1	-1	0	0	0	-3	0	
0	-1	-1	-2	0	1	0	-2	
0	-2	-1	-2	-3	-6	3	0	
-1	0	-2	-2	0	2	0	-1	
-2	0	1	1	1	-1	-1	-2	
1	0	-1	-1	-3	-20	0	-1	
-2	0	-1	-1	-1	-2	-2	-1	
0	-1	-1	0	1	1	-1	2	
0	-1	-2	-3	-3	-2	-1	-2	
-1	-2	0	1	2	4	0	-1	
-2	1	-1	0	2	0	0	-2	
0	-2	0	-1	-1	-6	0	0	
0	-1	1	1	1	2	0	-1	
-2	-2	-3	-1	-2	2	2	0	
0	-2	-1	-1	-1	-5	0	-2	
-1	0	-1	-2	-1	-1	-2	-1	
-2	0	0	-1	-2	-11	-2	0	
-1	0	-1	-1	-1	3	2	0	
0	0	0	-2	0	-1	-1	0	
0	-1	-1	-1	-2	-3	-1	-2	
-1	-1	0	2	1	1	-6	1	
1	-1	-2	1	2	3	-3	2	
1	1	1	-1	-1	0	-2	-1	
0	-1	-2	-2	-3	-2	-3	0	
1	-1	-1	-1	-1	4	-1	-1	
-1	2	0	2	0	1	-3	-2	
0	0	-2	-2	2	14	0	0	
-1	0	-1	1	0	-1	-3	-3	
-2	-2	-2	-3	-2	-9	4	1	
-1	0	1	0	-1	-5	-12	-3	
-1	-1	0	0	-1	-4	3	-2	
0	0	1	0	-1	-3	-2	0	
-1	-1	-2	-2	0	10	1	-1	
1	-2	-1	-4	-2	-2	2	0	
-1	0	0	-1	-2	-4	-2	-2	
-1	0	0	0	0	-3	-1	-1	
-1	-1	-1	0	0	-9	-2	-1	
-2	-1	0	0	0	3	0	1	
0	-2	-1	1	0	1	-2	0	
-1	-1	-2	1	2	2	1	0	
-2	-1	0	-2	-2	-11	0	-1	
-1	-1	-1	-2	-1	-1	3	0	
0	1	3	1	2	9	-6	-1	
-1	-2	-2	-3	-2	1	0	-1	
1	-2	-1	-2	-1	0	0	-1	
-2	-1	0	0	-1	2	-1	-3	
0	-2	-3	-4	-1	-6	1	-2	
-1	0	0	-2	-1	-1	-2	-1	
1	0	-2	0	0	5	-1	-1	
1	1	0	-1	-1	1	1	0	
0	-1	0	-2	-3	-4	0	0	
-1	-2	1	-1	0	1	2	-1	
-1	-1	-1	0	1	-1	1	0	
-1	-2	0	-1	0	0	-1	1	
0	-1	-1	-2	-2	-5	2	1	
0	0	-2	0	-1	1	1	1	
-1	1	1	0	1	9	-1	-1	
-1	0	-3	-1	0	4	-2	-2	
-2	-2	0	-1	0	0	-1	0	
-1	-2	-1	-2	-1	-1	-1	1	
0	-3	-1	0	0	-1	1	-1	
-1	0	-2	-1	-1	1	-1	-2	
-1	0	-1	-1	-1	1	0	0	
0	-2	-1	2	0	-4	-3	-1	
-1	0	0	0	-4	-9	-2	2	
-1	-1	-2	-1	0	-1	0	0	
-1	-2	0	0	0	1	-4	-2	
-1	0	-2	-1	-1	1	-1	0	
-3	-2	-2	-2	-2	-5	6	-1	
1	0	-2	-1	-2	-1	1	0	
1	1	0	1	1	10	-3	-1	
0	0	1	0	2	7	1	0	
0	-1	-1	-3	-1	2	-2	1	
-2	-2	0	1	2	5	-2	0	
-1	-2	0	1	-3	-6	6	-2	
1	-1	-1	-2	0	-3	-1	-1	
0	0	-1	-1	-1	-1	-3	-2	
0	-1	-2	-3	-1	0	-1	0	
-1	-1	0	0	-1	-3	0	1	
-2	1	0	-1	-1	-3	-1	-2	
-1	0	-1	-1	1	2	-2	-1	
-3	-1	1	-1	-4	-23	2	-1	
-1	-1	0	1	0	0	1	0	
-1	-2	-2	-1	-2	-4	3	-1	
-1	0	-1	0	1	3	-4	0	
0	-1	-1	-2	-2	8	2	-1	
-1	0	-1	0	-1	-2	-2	-2	
0	-1	0	2	-1	-6	0	1	
-6	-1	-2	-2	-5	-9	-2	-5	
-2	-2	-1	-2	0	-2	-1	-2	
3	-1	-2	1	2	-6	-2	-3	
2	-1	-2	13	10	36	0	1	
1	-3	0	2	10	-14	14	-1	
-6	0	-2	-25	-34	-21	-18	-7	
-1	2	3	-3	-4	-7	-5	-1	
-1	0	-2	6	3	-17	10	0	
0	-2	-6	7	-13	-37	-10	0	
0	-1	0	-12	11	15	7	3	
0	-2	-1	1	1	24	3	0	
-2	-3	0	-7	-8	-8	-6	-3	
1	1	1	4	7	17	0	2	
-5	-2	-1	9	6	-13	-6	-10	
26	3	1	1	1	2	4	46	
-35	-5	-4	-6	-13	-15	-7	-60	
-27	2	4	7	32	11	-6	-62	
38	4	6	12	33	30	13	47	
-53	-15	-9	-6	-72	-26	3	66	
60	15	-3	0	59	1	-11	-42	
3	-13	-3	-36	-76	-48	-3	56	
-4	-5	-8	-19	56	15	-8	-70	
-42	-4	1	17	36	10	24	71	
25	4	-7	13	3	9	-14	-91	
14	1	1	-34	-14	-2	-12	-62	
-41	9	15	34	-12	34	13	83	
16	-3	4	-2	-75	-62	-11	-13	
-36	0	-5	-48	-41	20	17	79	
46	2	6	59	105	-13	-1	-37	
-66	-7	-2	-3	1	-13	0	53	
93	7	-1	28	57	56	9	12	
37	19	10	-31	39	40	14	70	
-3	-11	-9	33	-106	-27	-43	-62	
-82	-23	-13	-52	-30	32	2	-45	
120	11	-10	-61	-28	-80	-50	-1	
-92	-11	-10	69	24	81	23	-16	
30	14	14	2	-27	-75	8	62	
6	9	14	52	-2	-42	-5	-10	
-86	-2	8	-24	-6	63	-2	-74	
-56	-16	-8	-6	-29	-23	4	44	
-36	0	-17	-43	30	80	10	-29	
35	0	-7	-9	-22	16	-31	-56	
-39	2	3	-43	-27	-36	6	30	
66	3	18	55	76	-24	-12	57	
-106	-6	4	33	44	51	-2	-80	
119	-1	-21	-7	-12	23	16	95	
-13	6	-3	-19	66	-12	-4	-97	
-4	-1	0	-59	-79	-7	5	0	
84	7	8	30	53	31	17	73	
-24	4	5	-31	-8	5	10	49	
-100	-7	-1	66	71	69	-10	-96	
54	-11	-9	-10	-61	-36	-2	63	
-50	-6	-13	-45	-27	35	-1	28	
44	11	13	34	19	-110	-19	7	
17	-10	-5	17	-96	73	24	-23	
-30	3	0	3	29	7	-1	-24	
14	1	-5	-23	27	51	1	25	
-17	-4	3	18	19	-44	-9	-37	
-4	0	13	19	-13	-128	2	19	
-26	-3	2	-24	6	86	-6	-65	
7	0	0	-10	-68	-5	7	72	
-2	4	4	69	44	31	2	-63	
-4	3	-4	-30	-9	-73	-9	32	
19	3	0	-24	-22	21	2	-33	
-40	-8	-5	19	49	-79	-11	18	
-6	1	-6	-20	3	79	9	-70	
7	-2	-5	14	4	-92	7	48	
5	3	5	16	-2	-22	-6	45	
3	5	4	-20	88	-23	-26	-24	
-47	-10	-4	-13	-54	-4	10	-80	
22	-5	-8	31	67	106	-13	-29	
-38	-8	-7	-24	-20	-52	-15	18	
4	8	10	-14	40	71	9	-19	
60	15	15	7	-9	57	48	49	
-15	-12	-14	28	-11	30	-45	-21	
-5	0	4	-2	27	-15	16	-20	
-8	-2	-3	-21	-43	15	-9	-19	
-55	-9	-8	-19	-59	19	-11	73	
63	2	-8	-18	-11	-24	-10	57	
-87	-1	23	-45	40	21	6	-22	
98	10	22	104	4	56	8	8	
-43	-15	-13	-5	-49	-128	-64	-34	
20	2	-8	4	44	28	45	65	
-24	-7	-21	5	29	38	-4	-62	
-9	17	2	-53	-14	-4	6	35	
6	-20	-8	-48	-31	5	-29	-21	
-47	-4	0	30	-8	-22	-3	-46	
59	10	3	-11	36	10	18	92	
-52	-11	2	10	7	35	12	-26	
34	7	-8	-3	-10	7	36	0	
-12	4	8	26	33	-4	-14	-13	
-21	1	18	47	-19	-8	29	7	
35	-1	-19	-48	-62	-30	-13	24	
2	2	-1	-32	70	70	17	32	
-24	4	21	15	-9	72	14	-35	
18	-8	0	-2	-12	-110	-33	26	
-54	-1	-5	58	-29	-4	37	127	
36	-1	-24	-43	-59	17	-32	-92	
-12	4	1	-25	9	39	22	20	
-10	0	7	25	13	-17	-7	-46	
-15	6	3	9	-21	-21	4	-7	
-95	-20	-6	-1	32	-34	22	52	
98	5	-10	-15	-32	81	27	-55	
-18	-4	-10	8	3	-60	-45	5	
-3	-17	-18	-87	-61	-104	-65	-37	
-14	17	22	64	92	22	26	-57	
-77	-9	13	19	9	-16	-3	22	
84	-6	-5	2	-44	105	2	-6	
15	11	5	7	24	-2	22	-7	
-77	-10	-5	43	5	67	-19	-18	
101	9	-9	-125	-65	-128	-62	14	
-7	2	9	107	56	116	-10	11	
-35	-3	-3	12	-26	26	6	-19	
-46	-2	8	-15	-43	20	49	78	
12	-3	-6	-60	79	68	4	100	
-83	-9	-15	26	-24	-87	-28	-122	
120	8	9	22	15	-3	-10	54	
7	13	3	3	39	-18	-9	-72	
-60	-7	-2	-11	-51	0	24	61	
64	4	0	-5	-33	-82	-20	-11	
-99	-21	-9	16	39	-20	-6	-42	
-38	14	-2	-103	-14	32	-6	-10	
66	-7	7	127	56	9	46	47	
34	12	-9	-127	-46	-58	-61	-15	
-43	0	30	56	50	57	49	-23	
9	-4	10	102	-17	10	-27	53	
2	9	-1	16	-4	8	-1	-128	
-33	-7	-11	-46	2	69	31	17	
-39	-10	-24	5	-18	-30	-29	18	
9	4	-1	-44	33	-49	7	109	
52	6	8	-5	-17	83	-25	26	
58	6	10	75	19	-56	20	-18	
-26	-3	-10	-39	21	-13	-3	31	
-69	2	4	37	43	2	2	-58	
34	-17	-15	-69	-3	68	-2	44	
-90	-2	-12	7	-24	-49	-20	39	
19	8	10	2	39	18	37	101	
-6	-19	-13	-23	-79	0	-62	-86	
-48	5	-6	25	3	87	21	47	
12	-6	-3	-59	-37	50	-9	-33	
12	5	26	13	32	103	24	-35	
41	10	15	28	45	15	18	51	
-52	-7	4	-24	7	-114	25	24	
-62	-3	-14	-2	-5	127	3	-35	
7	3	-16	31	-63	-66	-36	-62	
-16	-4	10	-103	61	59	20	69	
-26	-1	-3	127	-8	-75	-24	-117	
-76	-20	-15	-26	18	-13	4	93	
-10	-5	-10	-22	-4	18	12	-97	
96	4	-17	6	-2	3	0	51	
-128	0	6	-56	-22	20	-32	-85	
126	1	5	20	4	-54	34	39	
-22	-6	-22	8	-4	-9	12	-47	
-8	-9	-16	-82	-49	-67	-29	39	
-46	4	29	-35	10	-48	-53	-63	
12	15	44	116	3	67	17	-21	
25	-5	-11	21	49	21	10	49	
19	-3	-6	11	-64	-66	16	-31	
42	5	-6	-50	43	-14	32	57	
2	6	-4	-98	7	28	5	27	
-23	-12	10	73	-16	-94	-20	56	
20	0	-9	17	-1	39	13	68	
-24	-9	-19	-4	-10	20	-29	-57	
67	10	1	-20	26	0	-2	-25	
-24	-8	-10	-51	29	60	11	-41	
18	-3	0	12	-45	-107	-17	-70	
61	-2	-5	-8	-36	1	-4	22	
-32	6	7	0	-3	20	18	4	
41	6	15	1	-1	-19	-10	6	
6	1	-8	33	1	-25	-19	-24	
-39	-6	-6	-41	8	8	17	-36	
-50	-3	11	10	-7	-44	-16	1	
70	6	4	-15	11	68	3	25	
-29	-2	9	8	-19	-37	16	-4	
19	8	-3	49	-7	-21	-4	24	
-6	-7	-11	-17	-14	17	13	22	
-37	-3	3	-35	-26	32	-8	-19	
31	-6	-1	31	32	51	10	13	
-20	0	-5	-25	-5	-5	1	-26	
31	-3	-1	9	-9	-5	-8	7	
-7	1	-1	-10	-17	-27	-8	-2	
-1	1	-2	1	16	27	6	-13	
6	4	5	5	1	-24	-5	19	
-16	-8	-5	9	7	-7	2	8	
4	2	-6	-15	-21	-1	2	6	
-49	1	5	-6	9	-24	-5	-1	
-11	-2	2	9	1	15	6	9	
5	2	-7	13	4	-15	-3	-1	
-1	1	-3	-30	-20	0	-5	-1	
14	1	7	11	3	5	-11	-13	
-1	0	-2	9	7	12	3	3	
-11	-1	-5	-4	-4	-23	5	-2	
-3	-3	-1	-18	-12	-32	1	7	
12	3	4	11	13	6	-3	0	
-2	-1	0	10	3	7	9	6	
4	-2	0	-7	-3	22	-11	1	
-8	-4	-5	-11	-18	-61	10	2	
19	3	6	12	14	46	-5	-10	
0	-1	-2	-6	0	-7	-2	6	
-9	-2	-1	4	3	33	-8	-7	
0	-3	1	-1	-5	-31	29	5	
6	-1	-4	-4	-6	-35	10	-5	
-1	0	0	-1	-10	-51	-8	3	
-5	-3	-4	-2	1	3	15	5	
3	0	1	-1	1	2	-12	-1	
9	0	-2	-3	-6	-3	1	1	
-4	-2	-1	1	10	49	4	2	
2	1	-1	2	-1	6	3	3	
1	-2	-1	-7	-6	-18	-18	-6	
4	0	2	2	5	16	8	1	
-2	-2	0	1	-5	-12	-10	-4	
-1	-1	0	0	-2	-14	3	-1	
-2	0	0	-3	0	40	-4	-1	
3	-1	-1	0	4	-13	-7	-3	
-1	1	-1	1	-7	-3	2	0	
-2	-1	-3	-5	-4	-28	3	-1	
-3	1	-1	0	2	40	-6	-1	
6	-1	-1	2	3	-4	3	-2	
-1	-1	-1	-2	0	-5	0	0	
-2	1	0	-1	-2	1	-9	1	
1	-2	-3	-3	3	27	-5	-3	
0	0	-2	-1	-3	-1	0	-1	
-1	-2	0	-1	-1	-13	9	2	
-4	-1	-1	0	-1	-2	-5	-3	
1	-2	-3	0	-4	-19	0	1	
1	0	2	1	-3	-4	4	-2	
-2	0	1	1	0	-13	-7	-4	
-1	1	-3	0	0	-3	2	1	
-1	1	-1	-4	-6	-10	-4	0	
1	-3	-1	-1	-1	4	-1	1	
0	-1	-4	-4	0	58	-1	1	
-2	-2	-1	0	-9	-66	-2	-3	
0	1	1	-2	4	21	-1	2	
-1	1	-1	-1	-2	13	-6	-2	
0	-2	1	-1	-2	-7	1	-1	
1	-1	-1	0	2	15	2	1	
-2	-3	0	0	-1	1	4	1	
0	1	2	4	6	13	-13	-4	
0	1	-1	1	1	-12	3	0	
-3	0	2	0	-2	-16	-1	-2	
-1	1	0	-1	-1	-10	-4	-2	
0	-1	-2	-5	-2	8	2	1	
-1	-1	0	-1	1	12	3	1	
-1	-2	-2	0	1	-1	5	2	
0	1	0	-2	-3	0	-11	-3	
1	1	0	1	2	-6	2	-1	
1	-1	-1	-1	-3	-9	0	-2	
-1	-2	-1	-1	-3	0	2	1	
-1	-1	1	1	1	8	-4	-2	
-2	-1	-3	-5	-6	-34	4	1	
0	-2	1	1	2	-6	-2	-2	
-1	0	0	-2	2	13	-4	-2	
1	-2	0	0	-2	-10	-3	-2	
-1	-2	-1	-1	3	18	-1	0	
-2	-2	-3	-2	-9	-29	4	1	
-1	-3	-1	0	2	4	0	0	
-2	-1	-2	-3	1	15	2	0	
1	-2	-2	-3	-2	-8	2	0	
1	0	1	2	2	18	-13	-3	
0	1	0	1	0	7	-1	-3	
-2	0	-1	0	-1	6	-4	-1	
0	0	0	1	2	6	-1	-1	
0	0	-1	0	1	0	1	0	
2	-1	-1	-4	-1	1	-1	-2	
-1	0	-2	-1	2	4	-7	-2	
-1	-1	-2	-3	-4	-3	4	2	
-1	0	0	0	1	-4	0	-1	
-1	-1	-2	0	2	-8	-4	-1	
0	-1	0	-1	1	6	3	-1	
-2	0	-1	1	1	19	-1	-3	
-1	-1	-1	-3	-10	-55	-4	-1	
-1	2	-1	-1	-1	7	2	-2	
0	-1	0	-1	-2	2	3	0	
1	-1	0	1	-3	-31	-2	-1	
1	-4	-4	-6	3	26	11	2	
-4	0	0	3	2	12	-8	-5	
2	-2	-1	-2	-3	-15	0	0	
-1	-2	2	1	1	8	2	-1	
-1	1	-1	-2	0	-8	3	-1	
0	-1	-1	-2	-2	-3	3	1	
-1	-2	0	1	-1	1	0	-2	
0	-1	-1	-1	0	1	2	0	
-2	-1	-1	-1	1	5	-4	0	
0	1	-1	-1	-2	-5	0	-1	
1	1	-3	-1	-1	-4	-2	0	
-1	0	0	-1	1	2	2	0	
1	-2	1	1	1	2	-2	0	
0	0	0	0	2	4	-1	0	
-1	0	1	-1	-1	-6	-1	-2	
0	-1	-1	0	1	-5	-2	0	
1	0	0	-2	-2	5	-1	0	
-1	-2	0	0	0	-1	-1	-1	
-1	0	0	0	1	6	-8	-2	
0	-2	0	-1	0	1	-3	-2	
-1	0	-1	0	-1	-8	3	-1	
0	-1	-2	-3	-4	-6	1	2	
-1	0	-2	-1	0	1	2	0	
0	-1	-1	1	-1	1	-4	0	
-1	1	0	4	1	1	-4	-1	
-2	0	-3	-4	-3	0	8	2	
