0	-1	-2	0	-1	0	-2	1	
1	-1	-1	-1	-1	0	-1	-2	
-1	0	-2	0	1	-1	-2	1	
-2	-1	0	-2	0	0	1	-1	
0	-1	1	0	-1	-1	1	-2	
-1	-1	-2	-2	-1	0	0	0	
0	0	1	-1	-2	1	-1	0	
0	-1	-1	-3	-1	0	-2	-2	
0	0	-2	0	0	-1	-1	0	
-1	-1	0	-1	-1	-4	-1	-2	
-2	1	-1	-1	1	0	0	0	
-1	0	0	0	-1	-2	-1	0	
0	0	-1	1	-1	1	-1	-1	
-2	0	-1	-1	-1	0	-1	-1	
-1	-2	0	-1	0	0	0	0	
-1	-1	0	2	0	1	-2	-1	
0	-2	-1	0	-1	0	-2	0	
0	-1	0	-2	-1	-2	-2	1	
0	0	-1	0	0	-2	-2	-2	
-2	-2	-1	0	0	-1	0	-1	
-2	-2	-1	-2	-1	-1	0	0	
0	0	-2	-3	0	0	0	-1	
-2	-2	0	-2	0	-1	-1	0	
0	-1	-2	0	-2	1	-1	0	
-1	0	-1	-2	0	-3	-2	-1	
-2	-2	0	0	-2	-2	-1	-2	
1	0	-2	0	-1	-1	-2	-1	
-1	-1	0	0	0	-1	-1	0	
-1	0	-2	-2	-1	1	0	1	
0	-1	0	-1	-1	0	1	0	
0	-2	0	-2	-1	0	0	0	
1	1	-1	0	1	-1	0	0	
-1	0	0	-1	-1	0	-1	0	
0	-2	0	0	0	0	0	-2	
0	0	-2	0	-1	-1	-2	-1	
-1	-1	-1	-1	-2	0	-1	0	
-2	-1	-1	-2	-1	-1	0	1	
-1	0	-2	1	1	-1	0	-1	
0	-1	-2	0	-2	-1	-1	0	
0	-1	-1	0	-1	-1	-1	0	
1	-1	-1	0	-1	0	0	-1	
0	0	0	-1	-2	0	0	-2	
-1	-1	0	1	1	0	0	-1	
0	0	-1	-3	0	-2	-1	0	
-1	-1	-1	0	-1	-2	-1	-2	
0	0	-1	1	0	1	-1	-1	
-1	0	0	1	-1	1	2	-1	
0	0	0	-2	-2	1	0	-1	
-1	-1	-2	1	-1	0	-1	-1	
-1	0	-1	-3	-1	0	-1	1	
-2	0	-1	-2	0	0	-2	1	
-1	-2	1	0	0	-1	0	0	
-3	0	0	0	-2	-1	-1	-1	
-1	-1	-1	1	-2	1	-1	-1	
-2	-2	-1	0	-1	-2	-1	0	
-2	0	-2	-1	-1	-2	-1	-1	
0	-1	0	-2	-1	0	-1	-2	
0	-1	0	-2	-1	-1	1	0	
0	1	-2	-1	0	0	0	-2	
-1	-2	-1	-3	2	-1	0	0	
0	-1	1	0	1	0	-2	0	
0	-2	-1	-2	0	-1	-1	-1	
-1	0	0	-1	-2	0	0	-1	
-2	0	0	0	0	0	2	1	
-2	-1	-2	-2	1	0	-1	-1	
-3	-1	-1	-1	-1	-1	-2	-2	
-1	-2	0	0	-1	0	1	0	
-1	-2	1	0	1	-3	1	-3	
-1	-1	-1	-1	-1	-1	2	0	
0	0	0	0	-1	-1	0	0	
-4	0	-1	-1	0	-1	-1	-3	
-8	-2	-3	0	-1	2	0	8	
9	1	0	1	8	1	0	-4	
-9	-2	0	-1	-12	-4	-2	0	
18	2	-1	-2	-14	-1	3	12	
-51	-4	-1	0	25	3	-2	-29	
32	-3	-1	-3	-30	-1	0	3	
-7	2	-1	1	-3	1	1	-2	
-10	-8	-1	-2	9	-4	-2	2	
16	4	-2	0	-6	0	-2	5	
-37	6	1	1	8	2	2	26	
-12	-7	-2	-5	4	-14	-8	-42	
-14	-4	1	-2	-17	7	2	21	
-32	-10	-4	-2	-7	-13	-2	9	
-39	2	-1	5	22	10	-7	-17	
98	3	-1	-4	13	10	2	11	
-35	0	1	3	-11	23	3	25	
-30	0	-2	-6	-14	-9	11	-20	
85	2	-4	3	-2	-8	4	-11	
-38	-13	-5	-2	2	-17	-5	55	
39	6	2	3	6	22	8	-50	
-48	2	0	-2	15	2	-13	-18	
82	-33	-7	-2	-17	-5	5	5	
68	19	2	1	-6	2	-3	4	
-42	-8	-7	1	-2	6	-10	6	
22	9	0	-4	42	-16	9	23	
-117	11	3	-6	-56	-21	5	2	
-67	-21	5	3	3	1	-3	39	
-69	-3	-2	1	22	14	-10	-59	
126	23	1	-3	-10	29	-30	-18	
-107	-21	-1	-8	10	-22	7	69	
106	46	2	4	11	-21	6	-29	
99	-11	-3	6	-18	26	9	77	
-75	-9	-6	15	49	-19	-3	-73	
-7	-2	-1	-17	-43	0	-19	-55	
-43	5	-3	-3	-17	5	-6	-1	
102	29	-3	-16	34	-43	-10	5	
-86	-40	10	18	-25	25	3	-27	
127	-11	-13	-1	30	56	3	59	
-128	-10	5	2	34	1	17	-17	
32	64	1	-9	-68	-1	-11	-28	
93	-59	-19	-17	-30	-70	15	79	
-99	-8	-1	-15	-12	-35	-48	-128	
-9	-10	5	18	37	112	-13	-10	
-21	-24	-2	16	102	-4	18	10	
-16	23	-7	-23	-75	-51	-37	-50	
74	19	5	2	2	9	33	111	
119	31	-9	-14	-20	-30	-31	-106	
59	-7	18	-7	-2	-25	8	61	
-94	2	14	45	99	97	31	51	
-6	11	-3	-2	8	-98	-17	36	
-128	-14	-2	-10	36	32	10	-60	
66	25	-11	17	-98	40	7	37	
-41	-5	-4	-26	-43	-50	-6	27	
37	24	5	25	40	60	46	27	
-45	-26	1	18	36	-6	-22	43	
-128	-45	-15	-29	-63	-18	-26	-13	
37	52	6	-8	-10	81	35	73	
-14	1	-1	1	32	-1	32	72	
-85	14	2	-2	-16	-57	-28	-45	
24	-10	-7	-8	-5	-43	0	29	
-31	17	15	-2	-44	41	2	-47	
-117	-10	-11	-16	-33	13	-38	-90	
-2	-8	3	-2	11	45	34	68	
-51	10	15	-3	36	-23	22	32	
102	-9	-1	42	33	-13	-6	-48	
-78	12	9	18	19	0	-31	32	
-58	-33	-9	-41	-57	-17	-2	-24	
-82	12	0	7	-5	-44	-42	-110	
-90	10	7	20	22	0	27	11	
84	-1	0	2	-53	8	5	-43	
115	-2	-13	-20	-96	-60	-14	44	
-28	10	6	0	87	61	7	-10	
113	8	-15	-25	19	-22	-42	-59	
79	-14	-8	-6	-10	-6	4	-21	
-13	16	6	6	26	46	21	72	
-51	-9	7	-2	-19	-37	-1	-64	
-76	0	-13	8	-15	-21	-47	-68	
-104	-53	-5	-19	50	-26	-16	24	
70	-5	-14	-59	17	9	2	-16	
-112	-13	14	70	12	-7	-6	-48	
-15	3	6	7	5	1	15	127	
46	1	-13	-27	24	32	-21	-66	
10	12	11	44	28	-57	16	-22	
-43	7	1	-4	2	18	-8	8	
9	-7	2	-10	-22	5	27	100	
-75	-43	10	22	-3	34	26	-63	
38	9	-9	-22	12	-16	14	21	
-45	1	-15	-13	-18	-1	-7	84	
127	-10	7	5	-21	-16	-16	6	
-126	-1	-5	-9	57	6	3	36	
-34	-7	16	22	-31	22	30	86	
8	-22	-12	-14	2	16	1	41	
8	-14	-9	-19	-30	-5	-2	20	
-59	16	-5	-5	-16	-12	-20	38	
13	19	-17	-16	-54	-27	-13	73	
-49	-28	-26	-48	-8	-44	-42	14	
36	9	19	6	8	41	0	-20	
-29	69	30	93	4	-56	-16	-81	
-96	-37	3	5	-3	40	-4	-54	
81	25	10	2	-9	4	30	-69	
-128	-21	-23	-3	3	19	22	64	
123	-4	-5	-15	13	-17	0	-27	
-116	-18	1	19	52	20	-7	-62	
94	25	-5	-19	-31	-16	-9	-62	
-70	-9	4	-22	8	6	17	-25	
104	-14	-16	-4	-92	-10	5	30	
67	44	-6	-16	-21	-8	32	-49	
-22	-13	1	-5	31	27	-20	-65	
-35	-14	-1	30	50	7	-32	-91	
-58	-7	8	-22	-26	20	4	58	
-104	2	-5	17	15	-27	-1	71	
50	16	0	-1	-39	-9	46	106	
127	-7	-13	-26	30	-28	-14	30	
43	9	4	-4	8	-7	46	96	
62	-19	11	37	7	11	0	87	
-85	-8	3	-7	-25	-51	-16	-38	
23	22	-3	-43	-15	-1	-2	12	
-11	-4	11	0	63	23	51	9	
-12	-3	14	56	-6	-30	1	-39	
71	15	-4	29	56	28	-5	48	
-107	2	-15	-24	-77	-12	-5	-54	
17	7	-21	-55	50	10	-58	-80	
39	-9	7	-35	8	26	14	42	
-102	17	19	69	31	5	-4	40	
-1	-30	-9	-4	14	47	16	55	
-2	6	-9	1	16	3	-1	34	
29	-22	-13	-80	-76	-34	-1	-50	
44	-46	-15	26	-4	-8	-4	51	
-2	26	18	-15	32	19	22	-35	
18	-31	-5	83	-90	-71	-41	-50	
-23	13	-7	-49	29	49	2	11	
60	-14	-1	-20	30	17	53	55	
55	16	14	48	-18	-31	2	-27	
-17	42	19	3	48	94	5	3	
12	-35	-15	25	-14	-8	-15	-18	
-28	1	-1	-61	3	18	9	-50	
-128	-33	-6	48	63	4	16	5	
9	10	17	-21	10	46	-8	-41	
-30	2	3	-2	-66	-37	-10	27	
-82	42	6	38	0	21	26	16	
-111	-22	-14	-25	-39	-11	-33	43	
-61	-23	4	-39	-2	37	51	-33	
-30	37	-19	56	-53	-61	-38	-1	
36	-20	-6	-105	34	5	-51	-80	
-38	10	29	32	-26	-48	3	17	
-128	-5	13	101	17	58	35	86	
-62	-21	-22	-69	36	-14	-43	-75	
-56	-32	6	52	32	35	24	-25	
-44	-1	-5	-5	-9	-89	6	-52	
13	1	-20	-54	-71	-45	-20	81	
-11	-11	16	-48	47	60	16	12	
-18	-1	-10	56	-7	-85	-25	-6	
75	-25	-7	-16	24	116	-28	31	
-128	31	-7	0	-93	-67	-1	42	
78	3	11	21	92	48	3	-75	
-33	11	4	-26	-50	12	7	10	
107	14	7	-11	47	56	23	6	
-39	-52	-3	54	52	-98	-14	38	
65	43	21	5	-69	-38	-23	-62	
64	-18	-16	22	12	64	19	15	
-10	7	-27	-48	-35	-15	-30	-65	
97	45	5	-67	41	51	25	30	
-35	-23	6	38	21	-6	-38	4	
-128	13	7	87	-25	15	8	-48	
-42	10	9	-23	12	-66	-37	19	
127	-2	-3	53	-24	-21	5	-13	
-108	-15	-8	-58	32	75	72	18	
115	2	2	57	-78	-97	-51	-30	
-7	-22	-11	-77	19	109	38	17	
-32	-39	-10	27	-38	-88	-68	-128	
109	4	7	-35	47	-2	27	42	
-36	3	22	16	4	11	5	118	
46	25	10	78	8	10	51	4	
-111	-3	-42	-96	-48	48	-24	70	
-14	-32	-51	-28	11	-18	-39	-7	
33	3	2	-128	-31	-75	-17	-5	
-101	4	59	127	74	-9	-29	-33	
27	28	15	-63	17	74	51	3	
-43	6	-1	-40	8	-3	-18	58	
-34	-8	6	-27	3	41	30	0	
28	-7	1	51	-4	-10	14	62	
-69	-13	5	0	-7	-34	16	-94	
78	25	-30	34	-25	-13	-46	-32	
-22	-26	-5	-94	59	95	34	22	
-18	17	23	101	-51	-46	-41	-63	
-38	-15	-11	-12	-30	-22	-25	-69	
-2	36	10	-42	17	10	9	5	
-22	-12	-12	46	-34	56	61	-15	
43	21	-21	-128	-74	25	-24	30	
28	0	5	28	48	-36	-40	6	
-81	-38	1	51	-14	31	2	10	
-9	14	-9	-20	5	4	6	-72	
-61	3	-23	-41	-9	13	-33	-33	
-39	-35	1	9	49	54	5	20	
48	28	9	16	-29	-12	50	-36	
-28	-16	7	-9	14	61	2	87	
12	-11	3	29	24	3	37	-50	
68	-3	26	-15	46	-28	8	7	
-60	-2	9	64	3	12	22	10	
14	-2	-11	25	-6	-35	-32	-2	
39	-1	-13	-65	-16	-56	-8	6	
50	6	-6	3	13	13	9	2	
-7	-11	7	-11	-1	-11	0	3	
-9	18	-4	20	-5	-37	-17	-14	
-3	-9	-12	-33	7	-14	11	43	
27	3	-1	-17	-1	29	-5	-7	
11	2	6	36	-2	4	3	13	
27	1	0	-8	13	16	-9	11	
-45	-16	-8	-5	-10	-16	7	0	
32	10	6	11	-7	-2	-1	8	
-7	6	5	5	-15	-9	-20	5	
-8	-18	-5	-7	7	21	-4	42	
14	4	0	-4	0	-9	5	22	
-27	12	-4	-2	-7	26	4	-27	
-3	-14	3	8	2	8	4	14	
24	5	1	3	3	-37	-16	-27	
34	4	-6	-2	-9	9	7	18	
-25	0	-2	0	-13	7	1	8	
-41	-2	5	10	-11	9	4	-4	
22	3	2	3	-2	-44	-8	-15	
8	2	-5	-10	-13	-5	3	2	
-14	-3	-3	-4	-8	-12	2	1	
-8	0	3	5	-7	-3	-4	-6	
0	4	-1	1	1	-1	-1	-5	
6	-3	-2	-4	2	4	4	16	
7	5	-1	1	3	4	1	0	
-4	-3	1	3	6	-5	1	-1	
3	-1	-1	-4	17	2	-4	-9	
2	1	0	-1	10	4	3	6	
-19	2	0	1	12	9	0	3	
-4	-1	1	-3	3	-9	0	-6	
0	-3	1	1	8	5	-1	-6	
-2	1	-1	-1	5	0	-2	4	
-2	3	-1	-3	2	5	0	5	
4	-5	1	0	2	-5	0	0	
6	-1	1	1	4	3	-4	-6	
-2	0	-2	1	-1	1	-1	3	
0	-1	-1	-3	-1	1	-2	1	
-1	-3	-1	0	-1	-2	1	-3	
-8	3	1	2	-1	4	-1	-5	
-3	-2	0	-1	-3	0	0	-2	
-5	-1	-2	-3	-3	1	0	0	
-2	-1	0	2	-4	-7	-3	-3	
0	0	-3	-1	-1	1	-2	0	
-1	-2	-3	-3	0	1	0	1	
1	2	1	1	1	3	-1	-3	
-2	-1	0	1	-1	-2	-1	-2	
2	-2	1	-1	0	5	-6	-1	
-1	-1	2	0	-1	4	-1	-2	
-4	-2	-2	1	-2	4	1	2	
-1	0	-2	-1	0	8	2	1	
0	-1	-1	-1	-1	-1	-1	-3	
0	-1	-2	-2	-1	-2	0	1	
-1	2	1	3	7	10	-2	0	
0	-2	-1	-3	-10	-21	3	1	
2	-1	-1	0	-3	3	0	0	
-2	-1	-1	0	-1	-2	0	1	
-2	-1	-1	-2	4	-9	1	-1	
-1	-1	0	5	-1	-7	2	-2	
-2	-1	-3	-7	30	1	-4	-1	
-1	-1	-3	-2	-27	-8	0	0	
-1	-3	-3	-2	-11	6	1	1	
-2	-4	-3	-3	13	-10	1	0	
-2	0	4	6	6	1	-1	-3	
-2	-1	-1	1	12	1	2	0	
0	-2	-1	-3	-9	-6	-3	1	
0	-2	-1	1	8	7	0	-1	
0	-1	-3	-8	8	-8	2	0	
0	-1	2	0	-4	6	-1	-2	
-1	2	1	1	-6	-2	2	0	
-1	2	2	2	4	-3	-7	-3	
-1	-2	0	2	-2	20	5	0	
-1	-1	-1	0	7	2	3	0	
-2	-2	-5	-3	7	-14	1	0	
1	1	0	0	-12	9	-2	0	
-1	-2	-1	0	-8	2	2	-1	
0	-1	-2	-2	-4	-12	3	-1	
0	0	0	0	-4	2	-6	-2	
-1	0	-1	-1	-7	2	-2	-2	
0	-1	-1	0	-14	-13	-2	-2	
-1	-1	-2	-1	7	9	1	0	
-2	0	0	0	6	1	-1	0	
2	-1	-2	-3	-2	-2	0	1	
-1	-3	-2	1	-2	3	-1	0	
0	2	1	-2	-9	0	1	-1	
-1	0	-2	0	1	-4	-2	-2	
1	-1	-1	0	-1	-1	-4	-3	
-1	1	0	0	-8	-5	-2	-1	
1	-2	-1	0	6	6	0	1	
0	-1	1	-2	-7	-2	-1	-2	
-2	1	-1	-2	3	12	4	0	
-1	-1	-2	0	-3	-2	-3	-2	
-1	-1	-1	-1	0	-6	-2	0	
0	-1	0	-1	2	5	2	0	
-2	-1	-2	0	-3	1	-3	-3	
0	1	1	0	-4	-6	-3	0	
0	-1	-2	-1	-1	-1	-3	-1	
-3	-1	0	0	-5	-8	-1	-1	
0	-1	0	0	0	-2	-1	0	
-1	0	-1	-2	-5	-6	0	-3	
-1	-1	1	-1	5	4	-8	-1	
-2	1	-1	-1	-3	-2	-1	-1	
-1	-1	-3	-1	-3	-3	0	0	
1	-1	-1	-2	-2	0	1	0	
0	-2	-3	0	-4	-11	2	-1	
-2	-1	0	0	1	-5	-5	-3	
1	0	1	-2	-2	1	1	0	
-2	0	2	3	1	-2	-1	-2	
-1	0	1	-4	-3	-3	0	0	
0	-2	-2	0	-1	2	1	1	
0	-1	0	2	2	8	0	0	
1	0	-2	-1	0	7	-1	0	
-2	-1	-2	-2	-1	-7	6	-2	
-1	0	1	0	0	5	-3	0	
-2	0	0	-3	-1	-2	-3	0	
-2	0	-1	-1	0	-7	-2	-3	
-1	1	-1	0	2	10	0	0	
1	-1	-3	-2	-2	0	2	-1	
-1	-1	-2	1	-2	-5	1	0	
0	0	2	-1	-3	-3	1	1	
0	0	-3	-1	1	-10	-5	-1	
0	-1	1	1	-1	-3	-2	-2	
-2	-2	-2	-4	-4	-5	-1	0	
0	-1	-2	-1	-3	-1	-3	-1	
1	-2	1	-1	-2	0	-2	-1	
-1	0	-1	0	1	3	2	2	
0	-1	-1	-2	-1	-5	0	-3	
-2	0	-1	-1	-2	-1	1	1	
-2	0	-2	-1	0	1	0	-1	
