0	-1	-2	-2	0	0	-2	0	
-2	0	0	0	-1	-1	0	3	
-1	0	-1	-1	-2	-1	3	14	
-1	1	-2	-1	0	0	-4	-37	
-2	-1	0	-2	-1	-1	0	2	
0	-2	0	0	0	-1	0	3	
-2	-1	-2	-2	0	-1	-1	-4	
0	0	0	-1	0	0	-1	10	
0	-1	0	1	0	2	-1	1	
-1	-1	0	0	-1	-1	-1	-5	
-1	-1	0	1	1	-1	-1	-3	
-1	-1	0	-2	-2	-1	2	5	
0	0	-2	-1	0	0	0	-4	
2	-1	0	-2	1	0	0	5	
0	0	0	-2	-2	0	-2	-4	
0	1	0	0	0	1	-1	2	
-1	0	-1	-1	-1	-1	-1	-1	
-1	0	-2	-2	-3	-2	0	0	
-2	-2	1	-1	-1	-2	-1	-4	
-2	-3	-2	-1	0	0	-1	-1	
-3	0	0	1	0	-2	0	2	
0	-1	-1	1	-1	-2	-2	-1	
-1	-1	-1	-1	0	0	-2	-4	
0	-1	2	0	-1	-1	-1	6	
-1	0	0	-1	0	0	-1	0	
1	-1	0	-1	-1	-1	1	-1	
0	-1	-1	-1	0	0	-1	-1	
-1	0	1	-2	-1	-5	-1	1	
0	-2	0	-3	-1	0	0	0	
-2	-1	0	-2	-1	1	0	-2	
-1	0	0	-1	0	-2	0	-1	
-1	-2	-1	0	0	0	0	3	
0	0	0	0	0	-1	-1	-2	
-1	0	0	-1	0	-1	0	-4	
0	1	1	-1	0	-2	-2	0	
-1	-2	-1	-1	-1	0	0	0	
-1	-1	-1	0	-2	-2	-1	0	
-2	1	-1	0	-1	0	-1	-3	
0	-1	-1	0	-1	-1	-1	-1	
-1	-1	0	-1	1	0	-1	0	
-1	-1	-2	0	0	1	-1	0	
-1	-1	-2	-1	2	1	0	-1	
-1	-2	-2	-1	-5	-2	0	-1	
0	0	-2	0	-1	-1	0	2	
-1	0	1	1	0	-1	-1	0	
-2	-2	-1	-3	0	-2	-1	0	
0	-1	-1	0	1	0	0	-1	
0	-3	0	-1	-3	-2	-1	-1	
-1	-2	-1	-2	0	1	-2	1	
-2	-2	1	0	1	1	0	1	
0	-1	-2	1	0	0	-1	0	
-1	0	-2	0	2	0	0	1	
1	-3	0	0	1	-2	-1	-1	
0	0	-1	0	-1	0	-3	-2	
-2	-3	0	-1	-1	1	1	-2	
-1	-1	0	0	0	2	0	-1	
0	-1	-1	-1	-1	-3	1	3	
-1	-2	0	-1	-6	-4	0	-2	
0	0	-1	1	1	2	-1	-2	
1	0	1	0	31	0	-1	-2	
-2	-1	-3	-2	1	0	0	-1	
2	1	1	6	-3	14	3	3	
-1	-1	-2	-13	-27	-15	-7	-6	
0	-2	-2	3	47	13	3	3	
0	2	1	1	17	1	-7	-3	
2	0	1	8	-62	-3	-1	1	
-1	0	0	2	95	-7	-1	0	
0	2	1	-9	-70	8	0	-1	
-1	-3	-4	-9	1	-1	-2	-3	
-2	-1	-3	-1	-6	7	1	-2	
3	2	6	9	-36	0	5	5	
3	3	2	10	21	9	9	5	
0	0	2	3	118	2	1	-3	
-1	-3	-4	-20	-81	-13	-5	-1	
0	-2	-3	8	-12	-4	0	0	
-2	-1	-5	-11	29	2	-1	1	
0	3	3	18	-57	15	2	-1	
-2	-9	-9	-4	18	-4	-7	-5	
-5	-1	-2	-18	3	-1	-5	-1	
-3	-1	-3	0	-2	-22	-9	-3	
3	2	3	24	-9	0	4	3	
2	5	7	2	92	27	11	4	
-3	-3	-1	2	36	-5	-2	-3	
4	4	10	23	99	36	10	-2	
-1	0	-4	-37	-75	-16	-1	4	
-11	-12	-19	-17	117	-43	-18	-10	
-2	1	5	6	5	0	-1	0	
-3	-2	1	-2	-63	-15	-7	0	
3	-1	0	26	75	27	12	3	
3	7	14	7	25	15	7	6	
-4	-3	-7	3	91	-21	-6	-7	
0	-7	-3	-4	27	-8	-3	-1	
1	4	4	29	-14	15	9	3	
2	4	5	-4	-69	17	-5	1	
4	2	0	-15	38	39	8	2	
-1	5	5	3	-15	-10	6	-1	
-12	-15	-25	-62	-41	-105	-31	-16	
-5	-4	-2	-7	-61	43	-2	-3	
5	7	10	-7	-128	22	17	7	
-3	-6	-11	6	53	-19	-18	-5	
0	-2	6	-17	-34	16	1	1	
1	5	2	36	45	-53	6	1	
1	-4	-16	19	30	87	-2	-1	
0	-2	-2	-70	-15	-6	-3	-2	
2	9	17	-1	-5	-3	9	4	
-6	-12	-23	-31	85	-60	-13	-9	
-3	2	7	59	58	-3	-2	0	
3	2	-4	10	-76	-19	14	3	
-2	-4	-13	-16	-34	55	7	-1	
3	5	17	79	96	35	3	3	
-2	-6	-12	-24	28	-23	4	0	
-3	-7	-17	-53	-67	3	-7	-4	
-2	-6	2	-47	57	-30	-4	-1	
3	5	8	-37	-64	52	-6	-3	
1	7	24	30	60	-17	-3	0	
-3	-2	0	69	76	2	-10	-1	
-7	-9	-12	-7	-74	-12	-8	-4	
-1	0	-16	-63	-10	3	4	-1	
0	-3	0	22	56	-22	-9	-1	
-1	3	3	-30	-49	27	0	0	
4	9	21	-29	97	-70	-10	-1	
-5	-7	1	10	-78	3	-4	-6	
-2	-8	-10	12	-128	-27	-4	-1	
-2	-6	-9	2	8	-27	-3	-1	
-4	1	-4	41	-10	53	7	-6	
14	16	15	-55	77	25	35	21	
-7	-4	-3	-24	-110	-29	-19	-10	
-23	-34	-48	-56	-88	-71	-50	-29	
6	6	20	30	-77	4	0	5	
-5	-4	-17	29	-39	28	11	-2	
8	10	26	-85	-64	-8	10	7	
7	9	10	110	127	67	32	12	
3	3	2	26	-58	13	3	3	
-8	-11	-16	21	89	-66	-20	-10	
-4	-1	0	-6	-18	37	-1	-1	
7	12	15	25	32	35	20	6	
5	0	2	-96	-7	5	-5	-1	
4	2	-1	106	109	30	4	7	
-1	-4	-6	-35	-34	-16	-1	-6	
-9	-7	-2	-43	15	-20	-7	2	
5	2	-7	46	-35	36	10	-5	
-3	-15	-24	-31	-11	49	-10	6	
-16	1	8	20	-66	-31	-12	-16	
6	13	28	17	88	68	29	5	
-14	-15	-21	2	35	-76	-48	-23	
11	7	13	7	24	-25	0	9	
2	-2	-14	-45	-12	45	16	6	
-9	-11	-4	56	34	-59	-20	-10	
-2	0	1	-50	-88	7	2	4	
0	6	29	36	43	21	20	-3	
-3	-11	-26	12	38	-7	-15	-5	
15	20	29	29	-6	41	17	15	
0	-1	-5	25	27	-34	8	5	
-4	-3	-4	-76	-70	0	-8	-5	
2	-1	-13	102	127	-23	3	1	
0	-2	2	-79	-124	21	-11	-4	
-4	-3	-5	25	78	49	4	0	
2	2	12	-15	-66	14	22	4	
4	0	-13	-32	108	18	9	5	
-3	-3	0	41	44	-16	-11	-8	
6	8	16	-16	-19	63	13	11	
-9	-8	-24	-17	-36	-67	-20	-12	
5	8	27	71	-31	1	-9	-3	
3	-5	-20	-71	63	0	2	11	
-8	-8	-11	74	22	26	-5	-9	
-4	-4	-6	-14	-14	-95	-16	-1	
-6	0	-9	-61	-41	-10	-12	-10	
14	19	52	42	11	68	25	13	
-3	-10	-16	72	33	-25	-11	-2	
6	1	1	-85	-57	44	21	8	
-3	-3	3	26	62	13	-2	-5	
-3	1	-1	-67	-93	-63	-18	-7	
1	-2	-9	-11	25	18	15	6	
-3	-4	4	99	-11	43	-11	-4	
8	6	3	-49	-42	-44	8	7	
-10	-11	-15	28	-45	-67	-26	-11	
1	0	-4	-8	35	-32	-2	2	
3	8	10	-56	-73	54	14	2	
-6	-5	1	16	-50	33	-17	-4	
-5	-14	-33	23	-115	22	1	-7	
0	6	26	-17	48	-16	3	2	
-1	3	-6	14	-41	-8	-6	-5	
6	-5	6	54	34	-20	10	5	
-8	-3	-2	9	-53	-10	2	-4	
2	4	4	9	77	7	-5	2	
-10	-12	-15	-28	-67	-57	-26	-15	
7	5	1	-19	78	79	20	11	
-2	0	-24	-12	4	97	9	-1	
-6	-10	-16	-8	-60	-96	-28	-11	
-2	3	15	40	52	-28	-13	-4	
-1	-3	-4	-32	48	-4	-2	4	
4	4	-12	-31	-29	19	14	6	
4	8	12	-1	122	48	13	2	
4	7	19	60	38	15	8	4	
-9	-14	-19	-14	-106	9	-22	-8	
-1	0	7	2	50	-24	-5	-3	
1	3	-6	-47	18	22	-1	1	
-9	-13	-31	-56	-66	-59	-6	-4	
6	10	7	70	2	3	15	6	
8	8	9	27	43	-46	1	5	
-10	-9	-21	-103	-66	-32	-21	-14	
1	-4	-10	46	-10	3	-8	-3	
-1	-3	-8	3	-35	33	9	2	
-1	-1	9	1	33	-10	4	0	
10	12	11	-55	-98	-30	11	11	
-2	2	-12	-75	84	38	9	2	
-1	1	11	30	56	-51	0	-7	
0	-7	-7	14	-34	58	18	-1	
-5	-2	-9	18	-9	-31	-23	-9	
-1	-6	2	-29	-82	-62	-20	-3	
7	3	-3	-49	-46	24	10	11	
-6	-4	-13	41	123	-3	3	-2	
3	6	20	1	-78	27	4	1	
4	10	28	54	4	-55	-5	-2	
1	0	-4	-8	35	-32	-2	2	
3	8	10	-56	-73	54	14	2	
-6	-5	1	16	-50	33	-17	-4	
-5	-14	-33	23	-115	22	1	-7	
0	6	26	-17	48	-16	3	2	
-1	3	-6	14	-41	-8	-6	-5	
-3	-5	-2	-41	-37	-19	2	-4	
-2	-6	-16	-73	53	7	4	-2	
-2	-1	-17	37	-23	57	-1	-2	
6	8	35	37	-32	32	6	5	
-3	2	19	-17	93	88	15	6	
-5	-1	6	28	-121	-51	-33	-16	
-5	-15	-26	95	113	57	3	-1	
3	5	18	-58	-82	0	20	4	
-8	-5	-20	-45	-33	24	-19	-13	
-7	-4	12	60	62	31	-5	-1	
-2	-2	-8	-34	-57	-48	7	-2	
4	1	-18	-39	34	59	26	9	
0	-1	5	-36	41	-42	-6	1	
-5	-2	1	54	-64	-95	-31	-9	
0	1	12	-22	26	24	6	2	
-6	-12	-34	54	127	51	7	1	
7	15	-3	-48	-89	53	10	7	
4	5	11	-44	1	2	20	9	
1	-2	13	63	-97	-16	-7	0	
0	2	19	-73	-34	13	0	0	
-6	-12	-23	88	4	-79	-18	-10	
10	3	-4	-25	-97	43	17	14	
-17	-19	-1	-6	-43	-15	-12	-16	
4	6	-4	0	-78	-4	-5	2	
1	6	15	7	60	-8	7	-2	
1	1	-5	-52	64	-49	-8	-2	
0	-1	13	40	48	-8	8	8	
1	1	-13	35	57	16	-13	-3	
-2	0	-1	-72	-6	-32	-6	-3	
3	4	-10	-17	87	37	8	1	
0	4	2	22	74	3	3	0	
-2	-2	-3	-53	61	31	8	0	
0	-2	-4	-2	-102	-5	-9	-2	
-7	-7	3	19	-68	-24	6	-3	
3	-1	-24	8	-29	12	9	4	
1	6	33	51	4	-32	-11	0	
-1	0	-8	6	127	11	-4	-3	
-8	-15	-14	-81	-121	-41	-20	-14	
2	4	12	46	105	5	10	-1	
-5	-3	3	84	20	19	-25	-7	
5	6	14	51	13	34	10	6	
-4	-4	-4	-17	115	-55	-16	-6	
2	2	-5	-17	-17	-38	1	0	
-4	-9	-17	-42	49	40	-6	-3	
0	1	22	60	-128	-58	-13	-2	
6	10	0	15	-30	44	8	7	
3	2	10	14	115	115	23	6	
-5	-3	-9	-63	-32	-15	0	-6	
-6	-7	6	-7	-40	-61	-14	-5	
-8	-16	-49	-59	-43	-52	-15	-6	
1	9	22	-121	-28	61	12	4	
-6	-9	12	112	-59	-29	-8	-5	
-3	5	-4	15	60	12	-1	-5	
0	-2	-7	-50	-7	22	4	-1	
5	1	6	75	37	25	6	6	
-3	-2	-24	-35	7	-30	-18	-10	
-2	-2	2	-26	34	-50	-8	-2	
-2	1	7	11	-26	9	-10	-2	
5	5	14	-57	-118	-16	4	5	
-9	-12	-43	-33	-3	0	-6	-7	
8	5	14	-12	-73	33	24	13	
1	2	22	29	-7	-17	4	5	
-4	-7	-31	3	57	-22	-12	-7	
3	-2	-9	-3	16	-21	22	7	
1	5	-6	-44	47	79	-12	0	
0	1	22	56	22	33	2	-3	
3	4	0	-24	26	36	16	6	
-3	7	7	-31	9	-62	-18	-9	
-8	-15	-18	4	-8	-18	-12	-7	
2	-1	-7	-6	9	-22	-1	0	
4	1	9	24	91	23	13	8	
7	15	16	-34	-61	30	3	4	
-16	-21	-20	-73	-121	-92	-34	-19	
2	10	17	32	76	25	1	3	
-3	-7	-9	12	-28	-10	0	-1	
5	1	21	81	43	-38	14	7	
5	5	19	60	80	-15	12	8	
9	17	19	9	-5	26	13	8	
-15	-15	-22	-26	-128	-63	-38	-22	
-4	-3	-8	-17	85	42	-2	0	
2	4	-1	22	6	37	17	6	
4	8	16	24	63	56	18	6	
4	5	3	8	-81	-5	7	2	
-1	-5	-4	-17	-14	7	-6	-1	
-4	-9	-20	-6	-70	1	4	-3	
0	-3	-3	2	33	6	-5	-2	
3	3	-4	-10	-74	-3	-5	-2	
0	-4	-6	8	87	28	3	1	
4	3	7	9	-60	-3	6	6	
-4	-2	0	14	-61	-8	-5	-4	
-2	-2	1	-21	39	-25	-10	-1	
1	4	8	28	-31	13	10	4	
-3	1	-6	10	27	-6	-2	-2	
1	-2	-8	-21	52	-8	-9	1	
-3	-1	-4	6	18	-1	-3	-7	
-2	-1	1	-2	-29	-9	-1	-4	
-1	-1	-3	-1	32	5	2	0	
-1	-6	-7	-8	-19	-2	-2	5	
2	2	3	-4	15	4	2	8	
1	-2	2	9	-14	-26	-2	5	
5	0	-2	-1	34	-12	-4	-16	
-7	0	-1	2	-19	8	-1	-5	
-5	-2	1	2	14	-18	-6	-4	
-1	-1	-3	-7	-7	-9	-6	3	
4	-3	-6	2	9	14	4	8	
9	1	0	-6	-15	-7	1	-13	
-6	1	1	1	18	-2	-5	7	
2	-1	0	2	-8	0	4	-4	
-3	-1	0	-3	4	7	-1	12	
-22	-4	-5	1	-3	1	-5	-43	
11	1	-1	-4	13	-7	1	3	
1	0	1	5	-10	2	-1	-18	
2	-2	-2	1	5	-1	8	38	
3	1	1	-6	-4	-5	-2	-13	
-3	-2	-3	-2	2	-11	-6	-14	
-4	-1	0	-2	-5	5	1	2	
-2	0	-3	0	9	8	-1	-14	
3	-1	1	1	-4	8	0	19	
0	2	0	-1	4	3	1	0	
-1	-4	-4	2	-1	-5	-3	2	
-5	-1	2	0	6	4	-2	-6	
6	-3	-3	-2	-7	-1	2	8	
-3	0	1	2	6	17	-5	-7	
1	2	0	1	-3	1	0	4	
-1	0	-2	-2	-1	8	0	-6	
1	-2	-1	0	-4	-7	0	15	
1	0	-1	-1	3	6	0	-19	
-2	0	-2	0	-2	-3	1	-1	
-7	-1	-2	0	2	-8	-3	-14	
5	-2	-1	-2	-2	4	2	15	
2	-1	-1	-3	1	-6	1	16	
-2	0	2	1	-4	0	-2	-7	
0	0	-1	-1	-1	-7	-2	-6	
-4	-1	0	0	-1	-4	-2	2	
-2	0	0	1	-1	-8	0	-3	
4	-1	-1	-2	-2	0	4	0	
2	0	0	1	2	8	-3	-4	
-4	-3	-2	-1	-3	-7	-1	2	
-4	0	3	3	1	2	-2	1	
1	-1	-5	-4	-4	0	4	6	
-2	1	2	2	1	-3	-3	-9	
-1	0	-1	1	-2	2	0	8	
-1	-2	-3	-6	1	1	-2	-11	
-1	0	3	3	1	-9	-5	-2	
-8	1	-1	0	0	0	3	4	
10	1	0	1	1	5	-5	-9	
-1	0	-1	2	-1	-3	0	-7	
-1	-3	-2	-3	2	26	-9	2	
10	-1	-1	-1	2	13	2	-1	
-13	0	-1	-1	-1	-2	1	9	
3	-1	0	-2	-1	3	-1	2	
-5	-1	-1	-2	-2	-3	3	5	
1	-5	2	1	-1	-8	-1	7	
2	1	0	-2	-2	-1	-6	-8	
1	-2	-2	-2	-1	-9	1	5	
-3	-1	0	0	-4	-6	0	-10	
0	0	-3	-4	-2	3	2	26	
-1	0	-2	-1	-1	-6	2	-12	
-5	-1	1	0	2	-1	-6	1	
2	0	-1	0	-2	-6	-2	-1	
-1	1	-3	0	1	21	1	0	
-3	0	1	0	-1	1	-2	-1	
-2	-1	-2	-3	-1	-5	3	1	
1	1	0	-2	1	5	1	6	
-1	-2	-1	-1	-1	-8	-3	-8	
-2	0	0	2	0	-4	-6	-4	
-1	-3	0	-2	-1	-4	4	3	
3	1	0	0	0	-5	1	5	
-2	-2	-2	-3	-1	-1	2	-5	
-1	-2	-2	-4	-1	0	3	-5	
0	-1	-1	0	-1	-5	-1	6	
-1	0	0	-1	0	-2	-3	-7	
-1	0	0	0	-2	-6	-1	-5	
3	-3	0	0	2	9	0	8	
1	0	-3	-1	-4	1	3	15	
-1	-1	0	2	-1	-4	-2	-12	
1	0	-1	-1	0	-5	-3	-3	
-1	-1	-3	-3	-1	-2	0	-2	
-4	0	-1	0	1	-6	-2	2	
1	-1	0	2	1	9	-1	3	
