-3	0	-24	6	0	0	0	-2	
5	-1	-22	-11	-3	-2	-1	0	
-1	7	17	2	0	-1	-2	-2	
-3	4	-7	5	1	2	-1	-2	
-3	-1	-2	-2	-2	-3	0	0	
2	-1	-1	-2	-5	-2	-3	1	
1	5	-3	2	1	-1	-2	1	
-3	-5	-8	-5	-1	0	-1	1	
-1	3	11	0	0	-1	-1	-1	
2	2	-11	-1	-1	-2	1	1	
-3	-2	2	0	1	0	-1	-3	
-3	-2	4	-3	-2	-1	-1	-2	
14	-12	-7	-4	-2	-1	-1	4	
0	6	36	7	0	0	0	-2	
-3	1	-9	-3	0	1	0	-3	
1	4	7	-2	-1	3	-1	1	
-2	-2	12	-2	-2	-1	-1	0	
-3	-6	-43	-2	0	-3	0	1	
0	-2	11	2	0	0	0	-1	
-2	-1	22	-4	-2	-1	-3	-2	
-2	-2	-29	5	1	-1	0	-3	
-1	5	-7	-8	-2	-5	-1	-2	
-1	2	34	9	1	0	1	2	
-3	-4	7	-1	-1	0	0	1	
-4	3	1	-4	-2	0	0	-1	
0	-7	-5	-2	-2	2	0	-2	
0	0	-15	-5	-1	1	-1	-2	
1	-1	-6	2	1	-1	-1	-2	
-2	-2	24	3	-1	-2	0	-1	
0	-1	-15	0	-3	-2	-2	0	
1	0	4	-5	-1	-1	-2	0	
-1	1	-7	0	0	1	0	0	
-2	5	-7	-1	-1	1	-1	-2	
-3	-2	3	-3	-1	1	-1	-1	
3	-2	22	0	0	0	-1	1	
-2	1	-3	-3	1	-2	1	-3	
1	-4	6	3	0	-3	-1	1	
0	-4	-4	-4	-2	2	-1	-1	
0	-1	-28	-2	-1	-1	-1	-2	
1	-5	18	3	-1	2	1	-1	
-1	-6	0	-3	-1	-4	-1	-1	
-5	-1	-15	4	-2	-2	0	-3	
-7	-2	-3	-3	1	-1	1	-3	
7	8	-31	2	0	-3	2	3	
-3	4	8	-3	0	-3	0	0	
1	0	12	5	0	-2	0	0	
-4	-3	-13	-3	-3	-1	0	-3	
-11	-1	44	6	-1	2	-2	-6	
-1	-2	-4	-4	0	3	0	0	
2	-2	-4	-2	1	0	1	2	
-1	2	-3	0	-1	1	-2	-2	
-1	-1	-10	-3	1	-5	-2	-2	
-4	-2	-7	-2	-3	-4	-4	-3	
2	0	-4	0	2	-2	-2	0	
4	5	-5	2	2	-3	2	3	
4	-1	-10	-3	0	-2	0	2	
-2	-5	16	1	-1	-3	-1	-1	
4	11	-9	-6	0	0	-1	0	
-9	-3	-13	6	-2	1	-2	0	
4	-2	-23	-3	0	4	-1	-3	
3	-2	38	4	-4	3	2	1	
-1	-8	-29	-6	-4	0	-1	-2	
3	-3	-22	-7	0	2	-4	-1	
-6	2	61	4	-2	-2	-5	-3	
7	4	-13	2	-2	-1	2	3	
-11	-8	-26	-1	-4	0	1	-2	
8	-2	0	-2	0	-2	1	-2	
3	0	-14	-2	0	-3	-1	1	
2	-3	-14	-4	1	-2	-2	0	
-5	0	16	-6	-3	-8	-1	4	
2	-1	0	-2	-1	-3	-3	-1	
-5	8	15	0	1	1	1	-1	
-5	-10	4	-2	-1	1	-1	-2	
-2	-14	3	-2	1	2	-2	-2	
1	23	5	2	0	0	-2	1	
-6	-7	1	1	-1	-2	0	-1	
-4	2	-17	0	0	-4	1	-3	
-4	1	11	1	0	0	1	-4	
7	-6	-10	8	3	2	1	0	
8	2	4	2	-1	2	2	3	
-6	-6	0	-2	-3	0	-1	-2	
-2	-3	3	-4	0	-1	-3	0	
-14	12	20	-5	-1	0	-1	-2	
3	-25	-19	-4	-1	0	-1	2	
-6	4	-37	-7	1	2	0	1	
5	3	104	14	-2	-1	-2	-2	
10	-3	-63	-10	-1	-5	-7	1	
-7	-54	-14	-3	-2	-4	-2	-4	
5	46	19	-20	-1	2	13	-2	
-3	-5	-15	-38	2	-2	5	0	
-4	-22	22	-53	-4	-2	0	4	
7	18	3	-31	2	-1	-7	-3	
12	-25	15	-3	-1	-3	-7	-2	
-9	33	0	18	4	0	1	1	
-10	-11	-25	13	-4	0	-3	-8	
-22	22	54	30	3	0	-3	1	
12	-6	3	14	-1	-1	2	1	
-2	3	1	20	-2	-2	11	-3	
-5	-2	-47	10	-1	-3	-20	-5	
-10	1	-36	5	0	1	-2	-5	
-12	1	-6	9	-3	-2	9	-3	
17	-20	-18	6	-2	-1	22	10	
3	-2	39	11	2	2	-10	-1	
26	8	-9	5	0	-1	0	0	
-8	2	-4	1	-1	1	-7	-4	
-8	-34	-42	-20	-4	-1	-5	-4	
16	43	58	21	-2	-2	34	-2	
1	-21	-17	7	1	-1	-25	1	
-2	28	-1	-4	-3	4	37	8	
1	-6	-77	-8	-2	-5	-59	-4	
6	10	62	1	-4	-5	-8	-1	
-3	4	38	4	7	9	1	-3	
-4	-10	5	-1	1	1	-3	-10	
0	12	56	38	8	16	49	10	
-37	-20	54	-9	-3	-2	24	-28	
23	17	-58	-10	-4	-16	-41	30	
13	-22	38	-17	0	1	-7	11	
-25	3	28	13	-5	5	30	-17	
27	-6	-30	4	4	1	-60	22	
-4	-7	9	-12	-2	1	46	-46	
-7	-4	-17	4	5	-11	-55	-30	
16	13	25	-18	-4	-7	-3	20	
6	-52	-24	34	0	8	2	20	
17	84	-63	-47	-9	12	77	5	
-40	-29	49	10	-1	-6	-14	-15	
-17	11	12	16	6	-2	-10	32	
45	8	20	14	15	-11	-9	5	
-32	-15	-75	-8	-18	-4	-12	5	
11	30	-52	-6	10	39	122	16	
15	23	99	59	10	-10	-96	-13	
-49	-8	-48	-1	-16	-34	-72	-46	
-7	-25	-74	-16	11	5	-21	-7	
78	52	42	-62	-23	-5	121	1	
-98	-32	-48	36	7	6	-3	42	
-18	-70	-64	-79	2	15	127	-12	
39	53	-12	90	-2	8	-92	10	
69	11	59	57	13	13	50	85	
58	84	42	-71	-5	-13	-101	-92	
-78	-33	-18	-10	-21	-20	-44	15	
-92	-90	65	-20	-1	13	-26	-14	
-4	60	-59	1	18	11	9	-23	
29	-50	-63	36	1	-14	-67	21	
-18	71	10	13	12	-15	105	-58	
-23	-99	-5	-31	-13	-11	88	-11	
13	-2	96	42	-7	11	1	12	
-11	-64	-73	-27	-3	16	104	-17	
-10	55	1	20	16	29	28	26	
40	-9	-6	-82	7	-10	-41	1	
4	-39	-31	30	-23	-22	-17	7	
-13	-12	-37	-63	-19	-11	119	13	
37	-17	70	87	-3	36	-106	27	
49	20	28	-54	16	-22	75	-23	
-125	-94	-94	9	-10	-29	-31	-27	
34	-35	-2	-44	-1	9	77	32	
-26	-45	-102	-89	13	-17	-112	-77	
63	113	95	127	9	35	127	97	
-40	-106	-83	-76	7	-11	-128	-74	
99	-19	32	8	-58	1	41	37	
-42	73	27	90	34	-1	113	26	
6	-51	52	-22	-34	-29	-128	0	
-47	1	-54	-29	11	-21	97	-5	
-63	-35	-95	-33	63	-15	-128	-42	
57	9	28	12	-43	18	55	-8	
65	11	-88	-45	-21	13	38	55	
8	24	66	36	-23	-6	-98	-11	
-84	-68	-19	-79	44	14	-12	24	
-12	1	7	39	-24	-20	69	2	
-6	33	15	127	60	25	127	43	
-32	-60	99	-68	-67	8	111	-21	
-87	59	-15	-22	-42	-18	-97	-51	
106	2	9	-105	-28	-15	59	-99	
21	-31	-65	83	-23	-28	-128	63	
-40	67	72	-98	22	-11	44	32	
-46	59	67	116	16	17	20	-59	
-23	-45	-4	-35	62	37	39	45	
-110	64	91	-113	15	36	80	-78	
105	-36	-56	6	-10	8	-128	35	
64	-31	-63	-12	-98	-48	87	31	
39	-59	46	28	-60	-4	-128	37	
-113	38	-59	-109	95	-7	-26	53	
68	-32	-16	127	90	20	77	15	
21	-30	-57	-109	-72	-3	-67	-64	
46	70	65	21	65	62	89	35	
-90	-52	-114	-70	21	-40	-128	-69	
4	-7	71	71	-71	9	-116	-101	
-46	-31	117	-31	-40	-23	86	65	
85	87	-78	0	-86	-71	31	88	
80	-95	-7	-51	-128	-3	72	46	
-3	-16	-58	-16	32	-6	-17	-28	
-26	-1	0	72	127	36	107	-17	
-16	-43	-58	23	103	39	83	-26	
-22	-27	46	54	118	6	-59	-18	
72	52	-16	-62	-99	-45	47	-2	
19	-29	-20	13	-23	6	68	-79	
-68	-39	34	-38	-23	10	103	95	
-21	21	-62	10	-127	-45	-69	-85	
47	64	127	30	-26	-25	-88	32	
-116	84	-67	68	127	35	76	84	
123	-115	-78	63	-96	6	-118	-64	
125	18	58	-55	3	18	91	4	
-120	56	-107	47	-14	-21	-35	-7	
-28	-58	88	-66	-92	19	102	46	
-82	59	-24	-51	-3	-53	-56	-43	
33	42	-40	-66	-128	-40	-83	54	
-15	-37	-76	47	124	3	-96	-116	
81	33	76	-31	-79	-3	59	43	
-128	1	45	50	101	47	41	11	
22	-5	-19	64	95	42	-61	-43	
24	33	-19	-8	21	-41	127	-16	
20	16	25	98	-27	55	-128	42	
-40	11	54	-12	-128	-65	-126	65	
-45	-41	5	-22	104	19	127	-44	
42	-119	-86	-21	-63	84	-94	66	
-61	90	95	38	85	-33	-20	-128	
103	1	21	-114	7	3	3	67	
80	-88	-20	127	-128	-48	9	-63	
-97	2	-6	-61	127	-44	-83	4	
40	37	-75	37	50	46	-2	88	
30	-103	-69	-22	-1	43	50	-23	
63	118	116	-9	-75	-51	-102	2	
-9	-13	38	-67	-97	-1	-30	-19	
-22	55	70	127	11	0	-122	-74	
-97	-7	-37	-16	127	-20	-24	8	
-26	-128	42	-42	-49	30	127	11	
27	101	-10	24	-27	36	100	108	
-19	-80	-6	-15	91	36	37	74	
-8	10	65	30	48	-61	20	-128	
-127	12	-67	-15	-69	18	-18	24	
63	-1	5	-4	-51	-7	110	34	
100	66	-59	-70	-55	-19	-79	-30	
-28	-66	120	72	-128	25	64	24	
-124	-8	16	113	127	-50	-108	-76	
-124	-89	-104	-84	-108	-8	33	46	
-15	-41	32	-28	58	-41	87	31	
73	-43	-12	13	14	-6	-128	38	
-116	96	33	18	-112	-2	60	-39	
-15	17	127	-7	18	-32	83	42	
-98	-59	64	52	94	48	-88	-128	
63	51	-49	-24	75	11	-95	50	
127	51	-1	41	127	38	53	-27	
-37	-35	-34	3	76	31	-29	-40	
48	75	-90	-16	-109	39	127	72	
-63	29	-17	24	-65	-62	-126	-28	
30	64	43	15	-9	-40	-128	-75	
-87	-48	25	-63	73	65	80	111	
-78	-89	98	46	-56	-51	57	-70	
59	60	38	-87	42	42	58	-68	
-115	-128	-93	-127	-119	-17	110	64	
117	32	-48	101	100	-77	-52	-114	
115	61	-43	-125	-125	-7	-127	113	
-36	-10	-40	55	-107	-19	127	-14	
-99	-16	100	127	127	44	52	-13	
25	-63	-11	11	-72	-45	23	31	
91	28	-104	3	50	44	-113	51	
-74	62	-53	-11	76	46	106	-18	
55	-103	-26	-36	11	8	-128	31	
-16	-41	-46	30	-42	71	66	-83	
87	89	39	-1	39	-68	2	70	
-21	-117	107	69	-54	-17	-4	95	
-36	51	24	-56	103	17	-55	-3	
-111	15	-5	-2	-24	19	42	-3	
42	-26	-79	70	-79	10	-100	7	
-106	28	55	-89	127	9	-108	-128	
127	-76	40	-84	-123	-2	127	127	
-65	-56	-42	-33	46	-76	-67	-14	
-128	-110	-59	29	-50	-35	76	-51	
-17	64	-115	-102	-106	-17	40	-27	
-52	32	-71	-66	-30	-12	-125	-50	
-84	83	81	44	-50	61	83	61	
78	-128	23	41	127	-17	-38	-25	
-25	31	92	86	125	48	-54	36	
-22	-51	-109	-30	19	10	-79	-84	
-90	-88	2	1	-69	10	67	74	
-1	73	-39	-62	-47	6	-62	46	
51	60	-37	0	-97	2	64	-42	
-63	-13	27	81	-13	62	-21	-10	
67	-20	-21	36	127	-1	-128	-110	
32	46	87	-18	-75	-59	-11	39	
127	60	-107	-69	-2	34	95	107	
-122	-24	41	103	-107	-36	-56	-37	
-72	-24	-11	22	102	17	-41	40	
-107	4	25	25	-99	-56	50	-58	
-121	-19	-31	-70	117	-14	-67	11	
127	37	74	50	-70	17	127	73	
13	-29	-103	-128	-123	-13	18	-41	
19	111	42	71	101	62	-78	-19	
-93	-71	24	21	33	-79	-8	-8	
-14	40	-40	-8	34	-15	-51	-101	
69	10	127	21	91	110	-7	124	
-42	-104	-128	-60	-59	14	-70	-125	
-5	-18	-85	46	-77	-61	73	-20	
99	1	19	0	99	2	101	-63	
15	62	50	59	-46	-12	-17	60	
-47	0	113	-60	8	9	-19	59	
-62	-112	-50	33	81	66	-23	-66	
-64	72	76	38	51	-11	120	83	
68	64	60	-49	-90	-13	-94	22	
-41	-60	88	19	12	-55	127	-73	
9	-65	-48	-11	-128	-38	-60	-86	
9	-18	-63	-31	15	24	-73	51	
-29	-26	-36	-23	78	-22	37	-55	
54	80	-27	-10	47	17	108	89	
-8	84	-10	57	-9	-14	-128	-3	
-25	9	-33	-55	26	2	112	-55	
1	7	84	100	15	0	-119	-4	
14	-91	-127	-28	-38	30	96	-50	
-5	9	43	75	17	11	-58	88	
17	-128	-128	-106	-50	-70	105	-25	
-5	-8	63	-23	3	55	-128	-19	
18	-6	-14	80	53	-57	-79	-39	
-35	-20	-40	-47	-32	19	107	2	
27	18	64	13	-22	-22	-54	68	
11	-13	-17	-23	-35	-59	93	-128	
-66	22	-85	-37	32	51	127	89	
57	-22	104	-5	-20	-3	-64	81	
0	71	81	67	37	18	-23	-10	
41	67	-95	-16	-2	-8	-22	19	
-52	-63	17	-41	-29	-14	-52	-46	
-4	-21	-36	-32	-6	-10	-7	-50	
12	16	111	29	42	28	10	39	
11	-2	127	45	-31	2	-52	-2	
-12	15	15	-20	-8	-23	-21	-38	
9	14	15	-11	4	3	21	24	
-5	21	-66	9	4	21	-35	10	
-2	-91	-128	7	5	-28	35	-11	
-11	-125	-69	-39	3	1	-26	-13	
28	17	99	37	4	28	27	-2	
-12	11	-38	1	-2	-2	-38	17	
-23	41	-30	-18	-12	-32	21	-21	
4	28	25	-4	1	8	9	3	
7	10	6	13	4	18	-1	-6	
-17	3	-29	-16	-6	-12	-29	0	
-3	10	-7	2	-7	-9	38	11	
12	28	23	11	14	13	-5	-5	
3	16	-32	2	0	1	0	-13	
-10	-12	-29	-23	-11	-7	-16	1	
0	8	-2	1	-4	-4	24	-3	
2	16	0	11	10	1	-13	3	
-1	6	-14	-12	-3	-4	-5	-10	
-5	-12	16	-3	-7	-1	-3	8	
-2	2	1	6	1	0	12	-2	
-1	4	0	0	5	-4	-6	-5	
-4	-5	0	-5	-3	7	8	1	
4	21	0	3	-3	5	-9	0	
-9	-6	-19	1	-2	-9	8	-4	
-3	-3	-4	-5	2	-2	-5	-1	
6	-2	-11	-1	-1	3	3	-3	
-1	-2	1	2	-1	-3	-9	4	
0	6	-9	-5	-2	-9	6	-5	
2	-1	9	-2	2	5	1	-2	
2	-6	3	3	-1	4	1	-1	
-5	-16	-6	-3	-3	-5	-7	-3	
0	-3	-3	0	-2	-1	9	1	
0	1	5	4	1	2	-1	-3	
2	6	-7	1	-2	-1	-2	-2	
-6	-7	-4	-6	-6	-1	-4	4	
2	6	-5	-2	-1	-2	6	-2	
2	12	6	3	3	2	-4	-1	
0	-2	-4	-4	-1	2	-1	-2	
-1	-9	0	-2	-3	-2	0	0	
-1	0	0	1	-1	-2	3	-1	
1	6	-1	-1	3	-1	-3	-1	
1	2	-1	-3	-1	1	0	-1	
-1	-5	-2	0	-1	-2	-3	0	
10	-1	-7	-3	-1	-2	1	2	
-1	-8	0	0	-1	1	-3	1	
0	-9	-3	0	-1	1	0	-2	
2	-3	1	1	-1	0	-5	0	
-1	4	-1	-1	-2	-4	0	-2	
3	6	1	-2	-2	1	-2	1	
1	-3	-2	0	2	2	0	0	
-3	-6	-3	-1	-2	-3	-1	1	
-4	-5	0	1	-3	-3	2	-1	
-1	1	1	0	2	0	0	1	
-3	2	-1	0	1	0	-2	-1	
-6	-3	-4	-3	-1	-1	0	-1	
-3	2	-1	0	-1	-1	1	-1	
3	0	0	0	1	-1	-1	-1	
-2	-2	2	1	2	0	-1	-4	
2	-10	1	-1	-2	-2	0	1	
1	-3	-6	-1	-1	1	-1	1	
-1	3	6	0	0	-1	0	-1	
-4	0	-2	-1	0	1	0	0	
-4	-2	-2	1	-1	0	0	-2	
-3	5	0	0	-1	-4	0	-2	
0	3	-2	-2	-2	-2	1	-2	
-1	-1	-2	-1	0	-3	-1	-2	
0	-4	0	-1	-1	1	-1	-2	
0	-4	1	-1	1	-1	-1	1	
-2	-3	-2	1	1	-3	0	1	
1	-2	1	-1	0	-2	0	1	
-2	-4	-1	-1	-3	1	-1	0	
6	-6	-1	-3	0	-2	1	2	
-2	-2	-3	1	-1	-1	0	-2	
1	-2	-1	-2	-2	0	-1	1	
0	0	-2	-1	1	0	1	0	
-3	1	3	0	-3	1	0	-2	
-2	4	0	1	-1	1	-2	-2	
1	0	-1	0	0	-2	-1	-2	
-2	-3	-2	-1	0	-5	-2	-1	
