-3	-4	-7	-5	-4	-3	-12	-7	
-5	5	3	-12	-4	-3	9	19	
1	-1	11	-7	1	0	3	5	
8	9	18	36	8	2	-16	-27	
-20	-5	-2	-1	3	3	0	-5	
13	-4	-30	-1	-3	-2	-5	-11	
-4	6	-8	-18	-1	0	8	25	
5	-2	2	-5	1	0	7	20	
-11	4	-34	3	3	1	-11	-23	
17	-7	2	-3	-3	-1	-14	-18	
0	14	99	22	-2	-5	-3	-6	
0	4	-24	-6	-5	-3	1	5	
-5	-6	-38	1	-2	1	17	24	
12	-3	-7	-11	-4	-5	-1	-2	
-10	-10	-31	14	5	7	-4	-18	
26	1	-51	-20	6	5	14	23	
-16	-8	71	-12	-3	0	6	23	
-21	-9	-69	-7	-1	-4	-8	-22	
-4	15	47	26	4	2	-9	-16	
-1	-4	68	29	-5	-4	-8	3	
39	17	-31	0	0	-1	14	13	
-19	12	26	-3	-2	-3	5	4	
32	27	-3	-18	5	0	-6	6	
-30	-25	6	20	-3	7	-12	-46	
-14	-26	13	-4	-12	-7	15	7	
-1	24	31	43	12	2	-3	16	
-13	-14	-45	-43	-7	2	22	16	
30	14	-27	-9	8	1	-18	-12	
-36	-7	0	-25	-3	-3	-31	-32	
39	10	22	20	-10	-7	6	15	
11	-25	-58	28	6	-17	-11	-30	
-76	-34	-2	-7	-22	2	24	10	
37	31	21	14	11	9	20	41	
31	7	12	2	5	12	3	9	
13	-36	-50	-8	22	-16	-27	-54	
-63	-42	14	-62	-67	-37	-50	-83	
-63	28	21	26	10	35	52	73	
81	-36	-24	-28	-5	-1	8	-14	
-77	77	67	38	-7	4	3	88	
107	1	-87	2	22	-15	-17	-45	
-88	-29	-21	34	-1	-5	-5	-36	
26	70	29	-56	-6	18	27	40	
-97	-2	-15	29	23	24	5	-45	
117	-54	-9	12	13	0	30	90	
77	-49	-38	1	-1	-21	-36	-31	
-109	-19	43	5	5	5	6	-6	
62	-30	-25	-15	-8	-8	-13	-19	
-39	41	18	-3	-3	13	17	20	
58	-32	-4	-11	9	-19	-40	-42	
53	-4	22	41	-1	0	-2	9	
5	-28	0	-45	-30	-22	11	13	
-103	-20	6	32	31	11	13	23	
-30	3	20	-34	20	28	4	0	
-28	41	4	-11	-16	-3	-17	7	
74	48	-7	-20	-13	1	-1	-36	
4	18	7	-1	3	11	37	41	
54	12	8	46	2	-16	-7	-23	
22	43	5	-14	11	10	3	41	
-6	-21	22	5	6	7	42	50	
-46	25	6	1	11	-4	-25	-57	
25	37	1	-34	-30	-14	-28	7	
58	-30	-5	-2	1	-9	-13	-16	
-24	-29	29	101	16	15	51	67	
80	40	11	-88	0	-25	-35	-55	
-128	-31	0	15	1	38	51	-7	
43	82	1	-48	-27	4	-6	28	
-102	-76	27	14	-1	-21	-68	-96	
-2	45	9	-34	-23	22	28	17	
124	2	-10	14	8	-19	15	21	
-27	-24	-39	98	18	-16	-5	-40	
4	25	-10	-116	-34	-22	-38	1	
65	-12	-14	28	16	17	30	96	
-90	-10	-20	-52	-12	-17	-36	-117	
-61	-6	10	22	17	31	26	72	
35	-8	-36	25	0	-4	23	-17	
-62	-16	6	5	0	-9	-20	-39	
127	25	-15	16	9	17	83	126	
-128	-53	-11	-10	-20	-51	-101	-128	
100	3	2	24	25	44	79	107	
-19	-21	-20	-33	13	-8	-64	-36	
47	16	18	91	8	5	-51	-61	
115	-32	-3	-107	-67	-10	41	81	
-92	6	-9	25	10	-11	-52	-121	
6	5	9	6	13	17	33	86	
-54	2	-4	-42	-12	-13	-5	-27	
72	-7	-13	94	22	-4	-9	14	
-55	12	-18	-77	-37	-17	-65	-65	
38	-11	36	60	-10	6	-4	-35	
-61	15	-11	23	-2	-21	-15	7	
-33	-14	-16	14	-1	14	48	-14	
52	5	-4	67	19	13	60	37	
-52	-10	0	16	1	-14	-43	-10	
5	6	10	-41	-2	30	0	13	
30	-2	18	18	29	-5	-15	-11	
-82	1	7	6	-1	-13	-3	-7	
-32	-2	-1	-36	-5	14	36	33	
-30	7	6	-4	-23	-23	4	-34	
-19	-7	-29	44	35	6	-27	0	
83	2	0	-113	-69	-26	-80	-71	
-85	-2	-23	39	9	-3	-3	36	
40	6	11	31	-24	11	51	63	
59	-9	-42	120	82	-6	11	6	
-69	2	36	-107	-119	-15	-19	-24	
101	-1	2	102	18	9	7	-16	
42	2	-3	83	24	-2	-7	-7	
-12	-8	24	19	-9	16	7	36	
50	4	-14	93	61	16	-3	17	
16	-7	-1	-23	-22	-15	-36	-3	
-76	1	12	-24	12	8	-12	-11	
-19	-2	-1	-59	-18	-5	12	4	
-9	3	-18	8	19	4	73	127	
-16	-4	-6	-36	-22	-1	-12	-20	
114	-2	-13	98	57	5	-11	26	
-125	-1	20	-128	-98	-30	-61	-102	
-10	0	-2	80	33	19	4	-24	
60	-3	1	86	13	-22	23	25	
23	2	-17	-47	-10	-6	-12	1	
-59	0	14	-4	11	12	-2	-12	
34	1	-9	-23	-20	0	13	46	
-33	-5	5	32	14	6	8	-17	
-93	-1	4	-67	-14	-20	-54	-76	
85	-3	-2	-4	-9	-7	45	43	
-59	-2	-2	-40	6	9	-1	-33	
-33	0	-17	2	13	29	19	10	
64	4	10	-13	-19	-18	-10	-24	
-10	3	-4	24	22	4	-30	-18	
86	0	21	28	16	-16	-57	-23	
10	-3	-27	66	19	16	60	58	
-13	1	26	-100	-55	-5	29	41	
-41	-3	-16	52	14	6	45	24	
123	2	6	115	34	6	0	31	
-44	-2	15	-128	-54	-14	-29	-53	
44	-3	-18	10	-8	-23	11	31	
-41	-5	-3	58	31	10	-73	-56	
-30	-2	10	-36	-6	3	-27	-45	
56	1	13	33	16	7	18	14	
-71	0	-2	9	-12	-19	-26	-58	
24	-3	1	-39	-15	-2	-4	23	
-33	-4	-18	35	-2	-5	94	114	
-19	3	14	-44	10	26	-2	-35	
124	1	-14	1	-10	-14	-14	-1	
-78	-1	17	71	46	22	11	-15	
70	-2	-19	-60	-57	-3	11	8	
-29	3	10	-61	1	-17	-5	-15	
-70	-1	26	60	46	23	-6	13	
59	0	-8	-65	-27	-30	-10	-12	
28	-2	-11	-29	89	22	1	14	
121	1	11	-56	-43	-21	-35	-2	
-94	-3	8	31	-8	16	10	-32	
-12	-3	-21	43	15	-3	24	-53	
-37	0	12	49	22	-1	-11	-5	
13	0	-16	26	3	1	-22	-16	
81	3	-13	54	21	-5	-65	-36	
5	3	8	8	-10	0	48	74	
-23	-3	-11	-69	-27	-1	0	-19	
83	-2	15	-6	9	3	18	34	
-86	5	7	-21	-24	-14	-9	-25	
-14	1	-5	4	3	10	15	17	
-32	-1	-3	98	34	5	-2	-29	
-53	0	7	-62	-44	-7	15	27	
27	-6	-11	86	34	5	17	24	
92	-2	-39	3	-37	-6	-3	13	
-49	2	17	-40	-20	2	-33	-8	
-32	-3	-5	68	16	-13	22	-19	
-7	1	-4	-41	0	9	25	31	
56	-1	15	39	30	-5	-19	16	
33	1	-17	-70	2	9	17	51	
40	0	-1	51	-1	-19	-54	-88	
-39	3	-8	-29	-5	11	5	65	
-43	-5	-4	52	0	-3	20	-30	
63	-2	-10	-3	-18	-5	44	10	
-57	-2	-14	22	-7	-12	-15	-10	
54	-2	22	-8	29	15	-24	10	
-39	0	-2	-58	-22	-16	-30	-40	
16	-2	17	90	42	4	2	-23	
0	-3	-6	-37	-50	-14	11	-9	
23	-2	-8	52	-7	3	13	18	
-33	0	4	-10	-7	1	26	28	
98	-2	-8	82	16	5	15	43	
-115	1	-23	18	12	-10	-23	-40	
26	0	27	-72	-16	16	18	3	
120	-2	-13	6	0	-4	0	-31	
-119	-2	25	-1	-22	-24	-37	-21	
6	-5	-25	-38	6	31	26	71	
-21	1	-15	-75	-17	-8	-26	-29	
11	-2	-11	11	9	5	33	67	
-7	1	14	-11	-37	-15	-35	12	
-3	0	3	23	14	4	-10	-62	
2	-1	0	11	-7	-2	31	34	
76	-1	13	72	18	4	5	38	
-57	-3	-9	-19	8	-2	-22	-21	
37	2	-3	-92	-57	-2	1	11	
-65	0	13	108	51	-1	-23	-28	
21	1	-24	-6	-43	-16	-12	-30	
-25	0	9	-85	-21	16	-4	9	
3	-3	-13	52	35	16	55	4	
2	-3	-9	-4	-12	-14	-4	-3	
69	3	22	16	21	11	21	49	
-89	-1	-8	41	0	-18	-10	-73	
54	-2	0	1	7	1	1	49	
77	-2	0	-17	-15	-18	-48	-56	
-116	-1	-2	12	7	13	-57	-70	
105	0	-21	8	14	9	30	30	
-39	2	22	34	15	-1	14	11	
33	0	24	25	-31	-11	16	37	
5	-4	20	21	25	7	-5	-6	
31	0	-20	-16	-23	-16	0	-16	
-13	1	0	8	7	1	30	50	
-5	-1	-6	-128	-18	11	40	12	
-11	0	21	-42	-3	-6	-17	-32	
56	-4	-10	91	21	17	19	39	
51	0	8	59	29	3	-29	-26	
-108	-3	-5	-10	-11	-10	-52	-91	
-28	0	-5	-35	-2	-11	-1	35	
60	1	9	-1	9	12	7	78	
71	0	0	-12	-9	0	-24	-14	
-79	-1	-42	122	59	19	31	-16	
-38	-2	37	-126	-63	-8	-2	-34	
19	1	-8	-100	-20	-5	2	1	
-42	1	7	32	-8	-19	-11	-7	
127	-1	-20	10	9	31	55	94	
29	0	-23	57	11	-22	-28	-42	
-20	0	38	-80	-16	24	12	-27	
39	-4	-17	-9	3	-12	3	-9	
-36	1	8	41	6	-6	-22	-22	
18	1	10	7	11	-3	1	15	
-22	-1	-9	16	2	5	23	26	
-16	-1	2	14	7	-9	-34	-21	
59	-3	-2	-6	-6	-14	-20	55	
-57	1	-2	55	21	19	20	-48	
-32	-3	-2	-63	-16	-6	-12	-11	
-34	0	24	20	5	12	36	-1	
60	-1	-22	58	9	-11	-9	11	
80	1	-10	-124	-47	0	48	80	
-105	0	31	127	15	-26	-96	-99	
52	3	-18	12	46	29	40	62	
-26	-1	1	-119	-90	-1	12	-9	
-5	-2	-10	69	8	-6	-6	-1	
4	-2	3	105	40	-13	-25	-41	
-38	-1	7	-109	-53	10	30	55	
26	-2	2	44	20	-4	11	12	
-62	-4	0	0	11	7	-2	0	
41	1	-3	-12	-7	6	39	-29	
30	-2	-5	57	17	-10	-50	-23	
41	-2	-1	-56	-7	-10	-20	9	
-53	1	-10	-16	-6	2	-21	-23	
117	-2	6	23	2	-21	-36	-41	
73	1	-11	120	63	7	28	37	
-94	3	11	-97	-80	17	-3	-72	
66	-8	3	92	13	3	-1	27	
-9	-4	-23	81	15	-8	11	23	
30	-2	-35	-75	-52	-16	-25	-24	
112	-3	9	26	7	-20	11	58	
-102	1	16	-51	-5	2	-74	-108	
25	-2	-7	-14	0	12	29	29	
8	-1	9	5	-11	-10	61	6	
-10	4	-2	25	18	-26	-64	-1	
-19	0	-4	-89	-20	18	77	45	
54	1	9	-8	24	22	-1	34	
53	-3	-1	5	-8	-19	-33	32	
-121	0	15	12	29	9	13	-56	
70	1	-14	57	-2	7	24	36	
-1	-4	-7	36	-3	-4	3	18	
30	-3	1	14	-7	-3	-15	-26	
127	-5	-17	127	68	2	36	81	
-73	1	17	-91	-50	-5	-37	-57	
-9	3	19	-75	-33	6	5	-11	
-72	-6	10	64	-10	-4	-4	-31	
5	-3	8	56	22	6	-2	17	
17	2	-20	71	33	0	29	60	
-27	-2	-13	-37	-14	8	57	24	
10	-2	-2	-13	5	1	-73	-81	
-70	-3	2	-32	-8	-8	20	-66	
127	0	4	-40	-17	-36	-82	-65	
-110	-3	-11	15	2	-18	-10	-19	
41	1	13	-20	16	37	107	84	
46	-1	-20	-21	-9	7	24	35	
-25	-3	6	-11	4	-8	-48	-25	
48	-2	-15	6	-2	-9	32	-14	
-40	-1	6	76	20	-10	-29	-15	
-45	2	-9	-58	-32	-6	-33	-63	
28	-3	1	-35	-13	-11	11	79	
-37	3	-26	-47	-36	-10	-24	-11	
-49	-3	4	-21	-18	0	-1	-7	
23	-2	-3	30	14	13	2	10	
-10	1	-10	60	21	2	27	19	
14	0	3	-3	6	20	54	15	
-12	1	11	-15	1	43	33	36	
-13	-1	3	-7	0	-39	-87	-36	
3	-5	-25	4	7	-46	107	-5	
-2	-1	10	4	6	5	-38	-99	
-3	2	-4	-1	1	-24	-33	33	
-16	0	14	5	4	38	12	52	
-11	-2	12	-5	1	21	9	49	
16	-2	3	10	2	-2	31	71	
2	-2	7	-8	-7	-2	-8	-21	
-2	-3	18	-20	-5	4	17	3	
6	0	-24	12	9	5	3	7	
34	0	-64	-10	-5	-12	-50	-10	
-13	0	91	3	2	6	44	-1	
-62	-2	-46	-7	6	9	52	25	
0	10	47	35	17	-8	-62	-41	
-20	-3	8	7	-4	15	-45	-21	
34	-27	14	-15	-11	-52	-126	-66	
19	-22	-38	-13	-10	1	-16	1	
-46	-68	-7	8	5	17	28	-2	
34	9	74	14	8	6	36	86	
-21	-5	-36	-1	-2	0	15	-23	
12	-22	41	-2	-1	11	54	1	
20	42	-51	4	1	10	-9	32	
2	34	-20	-8	6	-9	-27	-6	
-20	-9	3	-10	-6	-1	16	-21	
-4	-14	13	11	-2	-3	-3	-11	
23	34	16	-11	-4	0	-41	17	
15	33	16	8	-2	-9	68	85	
-40	32	-59	2	7	9	-80	-78	
-23	-52	-8	0	-2	-14	43	31	
15	15	32	-14	-4	16	-5	-76	
-13	33	36	5	6	-15	-64	-21	
5	-3	12	20	1	0	-10	23	
2	-12	-50	-10	0	8	43	53	
17	20	9	1	-2	-3	-16	1	
-29	18	-20	-14	-10	4	12	-5	
1	0	8	-22	-12	-12	22	18	
-4	9	6	33	22	12	-49	-56	
-5	-1	31	-1	-6	-3	39	30	
17	19	11	6	-3	-3	56	55	
10	12	-84	-35	-4	-11	-87	-37	
-18	-1	57	-9	-4	3	-12	-22	
35	10	29	44	10	3	-12	12	
6	9	-46	12	9	3	14	57	
2	-12	13	-2	-2	11	52	-42	
11	1	11	-31	-8	-12	-15	-21	
-27	-12	-47	-12	-2	2	35	21	
-1	-15	49	15	-3	2	-26	-64	
5	-13	-8	15	-1	-5	40	55	
32	-6	-9	-12	-2	1	-27	-33	
-13	-20	-43	-19	-5	-6	64	90	
0	-11	-53	2	6	-5	-62	-57	
-1	6	28	-2	-2	3	23	20	
6	9	50	14	0	-3	-16	0	
-8	0	29	1	-2	0	5	6	
-1	-21	-58	-14	-4	-3	-2	-24	
0	-6	55	11	4	0	-2	-7	
-13	-13	-45	-5	-2	-1	34	57	
22	2	-7	-6	-1	1	-22	-42	
3	7	-14	-6	2	-2	-4	-9	
-8	-6	39	-4	-1	-3	5	3	
-9	-2	28	10	-6	-3	9	18	
4	3	0	-11	2	2	-35	-57	
-12	-6	4	10	-2	-6	-7	-2	
-7	-1	13	-4	0	-1	13	22	
19	-2	-25	1	2	1	-22	-28	
-12	-6	-36	-8	-3	-5	-13	-32	
1	0	4	4	-3	-2	6	51	
-4	7	-40	2	-1	-1	-8	2	
1	4	-5	2	2	0	11	10	
-3	4	-50	-12	-2	-2	-21	-17	
2	1	14	-6	2	2	9	-6	
-12	-4	-31	-1	0	1	10	12	
7	2	11	-4	-1	-2	-7	2	
0	0	-46	1	3	2	13	26	
-2	3	41	-2	-4	-4	0	-27	
-9	-4	-13	3	0	-1	-10	-2	
6	4	-5	0	-2	-3	2	-6	
-13	1	19	5	0	2	4	2	
22	-7	-1	-5	0	1	0	-5	
-3	2	-11	4	-1	-1	3	-11	
7	-11	-1	0	0	0	7	21	
-12	9	8	-7	-1	-1	-8	-18	
-10	-3	30	4	0	0	-2	-10	
8	4	-18	2	3	-1	7	9	
6	6	-32	-9	0	-3	4	-3	
-1	-1	29	4	-4	-2	-5	-1	
-3	-3	-15	-3	-1	-1	0	-12	
-4	2	13	-1	0	-1	2	4	
-5	2	-1	-4	-3	0	-6	-1	
-1	-8	16	9	0	0	1	1	
1	3	-10	-4	0	-1	-1	-1	
-2	1	-14	-9	-4	0	4	3	
6	4	31	4	-1	-1	-1	1	
-3	-2	9	2	0	-1	-2	-3	
5	-1	-49	-2	0	0	4	-3	
-3	-5	0	-3	-3	-1	3	2	
-6	5	15	3	0	0	0	-4	
1	2	-3	5	1	-1	1	4	
-3	-4	15	-2	-2	-2	-2	-4	
4	-2	-7	3	1	-1	-1	-5	
3	8	-25	-8	-3	-1	3	2	
-3	5	7	-1	-1	0	-4	14	
1	-2	5	0	-2	-2	-10	-19	
-6	-5	2	-5	0	-1	-2	-3	
-1	2	-3	3	-1	0	-1	-4	
0	-3	0	-2	0	1	0	0	
-1	0	41	9	-1	-2	2	6	
-2	0	3	-1	-2	-5	0	2	
-2	0	8	-6	-1	1	-2	-2	
-5	-2	-19	5	2	-2	1	-17	
-8	-6	-3	-11	-3	0	1	11	
21	0	40	5	1	1	-2	6	
