1	0	0	1	-1	0	1	0	
-2	-2	-2	-2	1	-2	-1	-1	
-1	-3	-1	0	-1	-2	-2	-1	
-2	0	3	0	1	-2	0	0	
0	1	0	1	-1	-1	0	1	
1	-1	1	0	0	-2	0	-2	
0	-1	1	-2	-2	0	-1	-1	
0	0	-3	0	0	0	-1	-1	
-1	-2	-3	1	0	1	0	0	
-1	-1	0	-1	-1	0	-1	-1	
-1	0	2	0	0	-1	0	1	
-2	0	0	0	-1	0	1	-1	
-1	1	-2	0	-1	-1	-1	-1	
-1	0	1	0	-1	1	-2	1	
1	-2	-5	-1	0	-1	-1	0	
1	1	2	0	-1	0	-1	0	
-2	-3	0	0	-1	-3	-2	0	
-2	-1	-3	-1	-2	-2	0	-2	
0	0	-1	-1	-1	0	1	0	
-1	-2	-1	-2	-1	0	2	0	
0	1	-1	-2	-3	-1	0	-3	
0	-1	0	0	0	-1	-1	0	
0	0	-1	-1	1	0	-2	0	
-1	0	-3	0	-2	-1	-2	0	
-1	-1	0	2	0	1	0	0	
0	-1	0	0	-1	1	-1	-1	
-2	-2	1	0	-1	1	0	-1	
1	2	2	2	1	-1	0	1	
-1	-4	0	-1	0	-1	-1	-1	
1	1	-1	0	-1	0	-2	0	
-4	-2	-4	0	-1	-1	-1	-1	
1	-2	-2	-1	-1	0	-1	-2	
-2	-1	-2	-1	-1	-1	-2	-2	
-1	-3	0	-1	-1	-2	0	-1	
-1	2	0	-1	-2	-1	0	-2	
-2	-2	-1	0	0	1	-2	0	
0	1	-2	-1	0	0	-1	-1	
0	-3	-3	-1	0	1	-2	0	
-2	-2	-2	-1	-2	-2	-2	-2	
-1	1	0	-1	-3	0	-1	-1	
1	0	0	1	0	-2	0	1	
-1	5	1	2	-1	-2	0	-2	
0	-2	0	0	0	-2	0	0	
-3	0	-1	-2	-2	-2	-1	-1	
0	0	-6	-2	-2	-1	0	0	
-1	2	2	-1	-1	-2	-2	1	
2	2	7	0	0	0	1	-1	
-1	-5	-11	-4	0	-2	-1	-3	
-1	0	18	1	1	0	0	-1	
-1	4	-8	-1	-1	-1	0	-1	
0	0	-5	0	0	0	-1	-1	
-1	-2	-3	-2	-2	0	-1	-3	
-1	-3	-12	-5	-1	0	-1	-2	
0	0	3	1	0	1	2	0	
-1	2	10	1	-2	0	-1	1	
2	1	1	-1	0	-2	1	1	
1	-4	-19	-6	-3	-2	0	3	
-4	-10	-11	-8	-4	-2	-1	-1	
1	17	-6	12	6	2	1	1	
5	24	-16	-6	1	0	-1	0	
-4	12	40	24	2	1	-1	0	
3	2	6	1	-1	-1	-1	-1	
-4	-7	-22	-11	-2	0	0	0	
12	-7	-19	-3	0	-1	-1	-3	
-17	2	-24	-14	-4	0	0	-1	
11	15	47	21	3	2	0	3	
3	2	-33	-2	2	-2	-1	-3	
-14	-15	54	13	1	1	-1	-3	
-16	-14	-35	-11	-6	-4	-4	-9	
32	12	22	1	1	1	1	2	
16	3	-6	-1	-2	0	3	3	
-16	3	-6	4	1	1	-3	-4	
21	4	10	-1	0	0	-1	-3	
-20	-10	-21	-4	-2	-2	-1	2	
-21	-47	12	-8	-2	-4	-7	-10	
16	-8	-6	-2	-4	-4	-15	-2	
1	20	10	10	0	2	13	11	
19	10	-31	-15	6	3	12	9	
3	-2	11	-15	-1	1	2	8	
-19	-21	12	4	2	2	3	-6	
0	5	1	0	-4	-5	-14	-14	
-25	1	-12	5	-2	-1	-4	-1	
-7	-4	10	2	-1	-1	-6	-3	
-20	-2	-28	-10	-4	-5	-2	-14	
-1	20	33	5	2	4	3	13	
47	-71	11	3	-3	-5	-18	17	
-46	45	-15	-8	-3	0	8	-20	
31	-31	7	23	4	7	17	16	
7	15	-19	-1	-1	-4	-12	-18	
0	14	11	-11	-3	-5	-2	7	
42	14	15	9	-2	2	6	18	
-62	11	-4	-4	-4	-5	-5	-6	
-36	-41	-8	-11	3	4	4	3	
92	67	3	24	7	3	-4	-1	
-94	-87	11	2	-5	-7	-17	-20	
58	76	-8	22	7	6	6	26	
-19	-55	10	-31	-7	-8	-10	-2	
-66	34	-12	-8	-1	-5	-16	-46	
64	-86	-4	21	0	1	7	23	
13	21	9	-29	4	11	5	3	
-3	-9	-27	11	2	6	16	2	
74	27	8	-20	-11	-11	-15	4	
-54	16	-19	56	9	-1	24	26	
-9	-81	8	-36	-3	-1	-5	3	
-15	4	0	-2	0	-3	-20	-12	
-3	-7	2	-57	14	-1	-1	8	
1	29	2	-7	-5	9	6	-3	
5	-26	-1	-2	5	2	24	51	
74	32	-16	7	14	-3	-26	-1	
-115	-57	-21	53	-48	-22	-21	-66	
-33	110	20	-15	24	18	53	43	
-79	-42	-28	-28	-23	-3	17	-1	
64	58	-3	-4	11	7	30	35	
-101	-69	-9	-16	10	5	-2	-6	
59	26	-1	-66	39	-15	-49	-37	
5	59	-8	97	-64	4	26	6	
-111	-27	8	-22	0	-13	-35	-53	
-7	7	-13	9	16	8	40	64	
53	-14	12	14	-7	-6	-31	-58	
-66	-25	-9	-34	10	-11	-29	-9	
-38	-6	-23	-45	-42	-17	-29	-23	
-29	-12	55	92	8	1	-46	-39	
49	-65	-82	-41	-13	27	70	53	
44	83	37	57	8	-18	-25	-23	
-55	1	-7	-17	11	4	-6	-47	
-14	-73	-8	19	6	5	25	45	
67	104	38	-11	-25	-35	-96	-53	
-20	-34	-16	-51	61	46	72	45	
1	-10	-13	86	-43	-2	-2	-30	
99	15	-3	-79	-2	9	39	67	
-128	-29	-14	21	-49	-11	-54	-41	
72	108	100	-2	4	-33	-21	-44	
-14	-24	-76	85	3	19	26	32	
-88	17	-9	10	12	-18	-60	-86	
72	-67	-24	-42	-23	35	106	115	
-90	13	-51	-50	25	-9	-55	-62	
-1	-82	51	-85	73	5	9	-4	
-32	-53	-21	104	-51	-21	-37	-29	
-55	98	61	15	-5	-23	-80	-101	
104	-21	-38	-15	-70	-6	25	26	
66	-18	14	11	25	27	52	71	
-64	23	-44	-99	24	13	40	39	
77	-41	63	55	35	-19	-70	-11	
61	-37	-44	-24	-16	-23	-59	-93	
-61	24	-27	-4	-8	12	46	35	
125	-38	-2	-101	20	7	-22	-45	
-43	54	-18	58	-25	6	53	101	
33	5	-72	96	24	12	53	32	
-78	2	70	-43	-43	-38	-38	-10	
62	59	-9	-67	-12	11	-68	-94	
32	-28	42	7	-29	-1	-26	35	
-73	59	-43	88	7	39	60	83	
-62	-59	-1	-5	0	-5	-23	-41	
-30	120	-26	44	24	-12	-14	10	
-30	83	83	-71	65	9	-13	-63	
-43	-62	93	-45	15	-4	-77	9	
-14	15	-42	-36	-5	5	4	-17	
-40	-128	3	-50	-8	-6	26	45	
105	60	-68	88	0	2	17	1	
-120	68	59	-39	-2	4	16	33	
0	56	20	38	-2	-1	-9	-13	
-98	-41	21	17	-6	2	18	14	
-33	47	-6	-40	28	-25	-56	-80	
84	-69	21	-113	7	19	56	51	
90	-5	-59	88	-86	-25	-70	-40	
16	6	7	30	25	13	53	27	
5	-39	-31	-18	-46	-2	44	28	
53	-13	12	-63	3	-4	11	6	
-26	82	51	68	25	-15	-15	-46	
11	75	29	-100	-18	13	36	62	
-35	-128	-12	111	10	-5	3	-29	
93	55	0	47	-2	-6	-9	17	
-50	-41	15	-42	36	7	-12	22	
-29	33	27	29	-34	-23	-15	-8	
-16	-26	-26	-109	11	18	44	15	
-128	68	95	31	-22	-48	-83	-43	
113	-94	-46	-34	5	65	79	117	
69	77	40	15	35	0	-35	-26	
-109	-13	16	7	-70	-18	-52	-54	
35	-77	-4	-33	80	0	-22	-44	
-6	63	82	-13	0	-40	-55	-35	
101	-81	-109	85	-102	15	35	24	
-56	61	-36	-40	65	18	18	-1	
-1	32	-6	20	31	6	3	26	
-26	-27	45	-77	35	-45	-91	-82	
33	-35	-62	9	20	66	114	96	
80	96	-15	81	-13	18	68	50	
-18	-81	13	-12	-25	-2	-23	-58	
76	-44	-4	-29	17	12	14	7	
36	42	32	31	1	-29	-55	-48	
-78	5	31	-25	-6	-7	-15	7	
-48	-1	-18	-19	-20	-24	-88	-91	
64	50	-63	47	5	47	99	74	
-105	-14	39	-38	17	-12	-33	-64	
31	-44	59	-128	113	8	-35	2	
44	37	-17	44	-109	-53	-6	11	
-4	101	-53	90	-19	21	41	42	
9	47	61	11	63	14	2	23	
-16	-80	-14	78	-21	-6	-26	-16	
52	21	27	-76	77	-41	-128	-128	
115	97	-19	64	-102	32	92	75	
-90	-46	-16	-8	6	24	71	53	
-78	-74	28	-64	6	-15	-64	-95	
19	-30	-27	-84	20	18	46	62	
49	48	-22	-70	18	-28	-43	-39	
78	25	12	-20	2	1	2	32	
20	47	-7	11	-18	6	19	-22	
-63	-59	-32	26	-11	16	36	45	
-21	14	4	-49	14	4	-47	-50	
-17	-19	-6	25	-18	-32	-63	-59	
-18	-62	-32	-91	35	34	71	68	
127	118	-32	93	34	14	-27	-5	
-100	-14	-5	-57	2	-5	51	35	
6	28	55	-6	91	1	-32	-30	
-35	45	18	-66	18	-23	-61	-27	
-41	-78	15	58	-73	-17	-7	-7	
49	39	-36	-13	104	16	70	87	
40	28	18	-46	1	-15	-19	-35	
-9	-85	7	-65	28	-5	-3	-33	
-71	-48	35	-48	21	19	46	60	
-7	34	49	-4	-15	-36	-61	-99	
43	-24	-110	10	-55	1	5	1	
-36	-61	7	54	-19	-2	-26	24	
-10	-8	43	4	-26	-19	-17	-57	
-70	-77	27	17	-28	1	-62	-58	
36	-100	-69	-29	15	17	-2	-19	
-51	-16	-20	7	-36	31	68	24	
120	29	-96	-9	15	20	23	-3	
-67	29	47	38	88	11	22	32	
-36	37	3	50	-104	-43	-79	-93	
25	20	17	91	86	-12	29	26	
-26	83	24	41	46	29	58	71	
-113	-122	35	-120	117	3	-53	-97	
-35	38	20	87	-70	-35	-33	28	
52	25	7	65	2	-1	16	-7	
-52	-54	6	-56	8	4	-17	-46	
36	-23	6	-29	18	8	-18	12	
-21	-17	74	-73	36	-1	-29	-57	
1	-31	-37	-54	-58	6	29	31	
85	43	-37	11	-1	8	18	-11	
99	-25	0	-9	-66	-30	-63	-59	
-88	-67	47	9	10	21	58	53	
62	77	-50	-4	-31	-5	-24	-45	
32	-123	5	44	20	13	13	2	
-63	37	33	-88	5	0	35	40	
50	67	11	99	23	-10	7	35	
43	-47	-16	35	-27	-24	-4	34	
-106	-50	46	-33	63	6	-21	-41	
-54	-86	-20	-87	19	14	62	86	
-82	-9	24	46	4	-13	-6	-13	
-5	69	55	66	23	-7	-45	-29	
-111	-88	-77	98	-28	11	8	-9	
-24	69	58	64	12	0	42	80	
41	112	7	-128	33	37	35	49	
-32	-89	23	-26	-37	-27	-41	-8	
37	46	-17	-28	-2	12	84	106	
2	-82	-7	28	-15	15	-27	-46	
75	57	14	-19	-3	-3	-12	-28	
105	38	-16	-7	-5	1	-14	-3	
-128	71	16	-36	9	-18	-78	-108	
105	44	-24	-1	71	7	-7	-17	
106	90	-35	44	-89	-41	11	23	
-83	-89	-6	-119	127	34	52	17	
-15	127	-19	90	-128	-38	-44	25	
-28	-116	80	2	-14	-31	-59	-58	
-22	-108	-120	-65	127	72	74	49	
-10	127	21	-29	33	21	11	14	
-5	-81	26	-74	38	12	33	26	
-49	55	8	31	-33	3	-19	-53	
-38	6	13	-15	-14	-28	-42	-28	
-52	-71	4	0	-41	-17	-37	-17	
101	74	2	-27	2	1	-33	-38	
-67	-70	-88	36	-54	-2	51	72	
-97	5	-5	-16	12	9	18	8	
16	-11	68	-13	23	-20	-50	-46	
3	-64	-43	71	-55	26	55	44	
-69	98	-88	7	26	25	49	-24	
-19	-49	43	33	27	12	5	-28	
-27	-43	-3	-76	-90	-21	-48	-42	
-53	-40	101	-128	96	-17	-55	-62	
86	9	-19	29	46	-7	-28	-2	
-26	-7	-2	103	1	-21	-23	-29	
78	114	2	-78	92	-20	-62	-105	
-26	-51	-15	-61	37	31	81	83	
127	95	10	-34	32	39	78	127	
17	-87	55	-69	24	-6	7	22	
-44	-29	18	100	-37	11	42	70	
117	86	-26	-5	3	14	-8	-51	
-108	47	3	43	-48	-19	-49	9	
-54	-59	15	-20	-20	-11	-58	-91	
-54	107	-28	-47	-22	38	68	118	
98	-54	-34	116	30	15	23	63	
-13	-48	17	-115	20	-22	-70	-74	
13	90	24	76	-15	-7	-16	-33	
56	-7	-93	122	-104	-37	7	15	
-63	59	11	-113	113	-4	-38	-61	
53	-11	-62	-64	-128	-15	26	6	
-90	-44	35	-74	80	1	-30	-45	
58	30	29	4	65	24	17	-46	
-82	-28	-40	38	-30	12	43	84	
-11	-64	49	31	22	-25	-53	-74	
61	10	-37	-67	-7	26	74	59	
4	49	11	33	-22	-8	34	-61	
-49	-47	-7	-1	-33	0	-60	37	
52	38	4	15	-5	-15	-45	-32	
-11	-43	-13	-22	-27	2	-45	7	
-23	-11	-5	44	9	6	35	22	
5	15	30	22	-12	-16	17	-64	
23	-36	65	-2	-10	-18	13	-19	
18	19	-61	-39	3	8	4	32	
10	-43	-4	19	18	4	-4	25	
-60	3	-22	11	-32	-34	-12	-30	
16	10	25	86	14	16	-1	9	
41	5	34	13	30	28	86	32	
-78	4	-72	-55	-1	-22	-69	-92	
71	4	51	10	-15	13	9	-77	
12	-10	-18	-31	-21	-74	-104	-3	
-79	13	-28	-32	-7	14	96	40	
30	-41	16	12	5	28	-70	-33	
32	-21	-5	-27	-24	-36	-49	-61	
-48	-12	20	4	-2	-1	58	73	
70	30	47	5	9	0	-52	24	
-80	-34	-77	21	11	23	-9	-44	
6	-26	38	-109	-25	-5	-15	21	
-19	39	56	103	1	6	28	-45	
6	45	-25	57	52	-13	-4	20	
42	-21	-11	-7	-8	-9	29	21	
-19	-7	46	-80	-11	-8	-11	-98	
-21	2	-99	0	3	13	18	29	
22	2	-2	-3	-24	-10	-23	-43	
15	1	30	17	15	4	3	55	
-50	3	-44	4	2	0	16	-13	
30	-31	-19	-80	-22	4	7	-2	
-17	-6	52	84	3	0	-21	-15	
53	32	-57	-87	3	-2	23	19	
-35	5	86	102	0	-13	-1	67	
-5	-10	-62	-63	10	29	25	-46	
-112	-24	80	-28	-18	-21	-20	-2	
54	7	23	39	14	9	6	28	
-12	21	-29	23	15	12	6	7	
-20	-4	-38	-12	5	4	-9	-92	
33	-12	54	-61	-17	-12	-6	32	
-27	-27	3	19	-14	-12	16	0	
11	32	14	-2	10	2	0	29	
-1	-12	9	11	0	4	-1	-15	
-7	-28	-68	-42	-15	-11	-9	-31	
-10	0	40	-10	-7	-5	3	3	
24	8	-46	12	8	7	3	15	
5	-3	-17	-3	-7	-3	1	27	
10	-2	-28	-19	-8	0	-8	-25	
-18	3	83	-10	2	-3	2	48	
13	2	-37	-17	5	4	4	-23	
-26	5	5	9	-1	3	1	19	
15	-1	-44	-5	3	1	-3	4	
-16	-8	48	-15	-4	-4	-5	-23	
-6	-9	16	0	-12	-8	16	10	
4	4	22	14	2	2	2	6	
4	4	-21	-4	3	2	-6	-18	
-5	-5	-14	-13	-2	-5	4	5	
-13	-7	18	1	-5	-2	-4	0	
7	5	2	12	4	3	0	22	
-5	3	-19	18	2	0	0	-26	
0	-5	-18	-2	-4	-5	0	7	
5	-1	-64	7	3	1	-2	9	
-1	2	71	9	1	3	1	-1	
-6	-5	0	-7	0	-3	-3	-10	
-3	-1	-9	-2	-1	0	3	2	
8	1	-36	1	2	2	-2	11	
-2	-5	-38	2	-4	-3	0	2	
1	-2	-30	-2	-2	-1	-2	-4	
2	-2	-48	-5	1	0	1	8	
1	-4	13	16	0	0	0	0	
2	-3	6	11	2	-1	-2	1	
3	7	-15	1	3	0	0	4	
-4	1	9	-8	-1	0	0	-5	
2	-2	-1	18	-3	-2	-3	3	
1	0	4	-3	-2	0	0	-1	
5	-4	-36	-6	-1	0	0	-1	
-5	-2	0	-1	-2	0	0	2	
2	0	15	-9	-2	0	-1	4	
4	5	30	4	0	0	0	3	
-2	-3	13	2	-1	0	0	5	
-3	1	19	-2	-1	-1	-1	3	
1	2	24	-1	-1	-1	0	3	
-4	-4	-6	0	-1	0	0	-3	
0	0	2	-5	-1	-2	-2	-5	
2	0	12	2	1	0	-2	1	
-1	0	-8	-3	2	0	-1	1	
-2	-2	-16	1	1	-2	-1	5	
-4	-1	-2	-2	-1	0	-2	-8	
3	0	18	1	0	1	1	0	
-2	0	5	-1	0	-2	-2	-1	
1	-2	2	0	-2	-1	-1	0	
-2	-1	8	-3	-2	0	-1	-5	
0	-4	-5	0	-2	-2	2	-2	
1	-5	2	-7	-1	-1	0	8	
-5	0	-3	-3	-1	-1	-1	-12	
-2	-2	0	-8	1	-2	-1	-2	
3	1	11	9	0	0	-1	3	
-3	-4	-8	-4	-2	-1	-1	1	
