0	-3	-2	1	-1	0	0	-2	
4	18	-1	-3	-1	0	-1	2	
1	2	-1	-1	-1	-1	0	0	
5	15	-2	-3	-2	-3	0	1	
2	7	3	0	1	0	0	1	
0	-5	-1	0	-3	0	-1	-2	
-1	2	-2	-2	0	0	-2	-1	
0	1	2	1	-1	-2	0	1	
-5	-22	-8	-3	-1	-1	-2	-2	
0	-3	-1	0	0	-3	-1	-2	
-3	3	5	1	0	-1	0	-1	
-2	-9	-1	0	1	0	-2	0	
2	6	-2	0	-2	0	-2	1	
0	-14	-3	-1	-3	-1	-1	0	
-2	-1	-2	-1	0	0	-1	-2	
-1	-8	-13	-7	-4	-3	-2	-2	
0	4	-2	0	1	0	-1	-1	
-9	-2	11	2	-1	-1	-1	-3	
-1	30	12	2	1	2	1	0	
-2	-6	1	3	1	1	3	2	
3	9	5	0	0	2	2	3	
-4	-13	-4	-2	-1	-1	-2	-3	
-2	0	4	1	1	0	-2	0	
-1	2	1	1	1	1	-3	-3	
-3	-26	-12	-4	-4	-3	-2	-3	
7	12	0	-1	-3	-1	0	2	
-1	-12	-9	-3	-1	-1	0	0	
0	7	-4	-1	0	0	-3	-3	
-6	11	9	3	2	2	3	5	
2	-9	-7	-5	-1	-2	-1	-7	
-5	-14	3	0	-1	-1	1	9	
1	4	0	-1	-2	-1	1	1	
-1	8	1	-2	0	-1	-5	-6	
0	5	-7	-1	-2	-1	-2	-3	
-2	21	9	5	3	0	0	-2	
1	-15	-12	-1	-4	-1	1	0	
-1	-8	1	-6	-2	1	-3	-3	
-1	-2	-6	-1	-1	-1	1	3	
8	5	-2	0	-1	-1	-1	-2	
-2	5	6	2	0	-1	1	0	
6	-18	-15	-6	-4	-2	-1	0	
0	7	3	1	1	-1	-1	2	
-2	0	6	0	-1	-2	1	2	
-2	1	4	2	2	2	-1	-4	
-7	2	6	3	-1	1	2	0	
-1	4	6	5	2	0	-1	-1	
1	-28	-12	-9	-10	-5	-3	0	
0	-6	1	-1	-1	0	-1	0	
-3	-1	-1	0	2	-1	1	-1	
-4	-10	-10	-6	-2	-2	-3	-2	
-5	-9	-6	-1	-2	0	-2	-8	
-1	2	2	-1	-1	-2	-1	-1	
-2	16	4	1	-1	0	2	1	
3	-14	-5	-2	-2	0	0	1	
-2	1	1	1	1	0	-1	-3	
0	-3	2	0	0	-1	-1	1	
1	10	0	1	1	0	2	-1	
0	17	5	2	3	2	2	2	
9	-3	-14	-6	-2	-2	-4	-2	
0	12	9	3	1	-2	1	0	
2	-12	-6	-3	-3	-2	-1	0	
4	16	3	1	1	-1	2	4	
-1	-8	-1	1	1	0	-2	-2	
-1	3	0	0	1	-1	-4	-2	
0	-8	-2	1	0	0	-2	-2	
3	6	-3	-4	-3	-1	-3	0	
2	20	4	-1	0	0	2	3	
1	-17	-10	-5	-3	-2	1	1	
-2	-4	1	0	0	0	0	-1	
-3	-13	-1	0	-1	1	1	-4	
-2	7	6	1	-1	2	1	-1	
2	0	-4	-5	-4	0	-2	-1	
0	0	-6	-5	-3	-1	-2	0	
2	-1	2	1	0	0	0	0	
1	10	4	5	4	1	-2	0	
-1	-44	-30	-13	-7	-8	-7	-2	
-1	-1	1	1	-1	-1	1	-1	
0	1	2	0	-4	-3	-3	-3	
-7	-20	4	4	0	0	-1	6	
-3	23	-4	-5	0	0	2	-3	
6	4	-22	-4	0	-5	6	-5	
-34	-22	4	-9	-6	-5	-16	-18	
27	10	-39	-27	-1	1	32	-13	
-75	-16	-11	23	4	1	-2	44	
-7	8	89	-11	-4	0	-7	-35	
33	14	-8	-29	-3	-12	11	78	
-22	-18	-26	42	9	12	-33	-80	
-32	1	-29	22	6	-6	17	-45	
4	-28	61	46	18	12	12	-84	
-89	76	-7	-5	-4	-2	-48	-16	
88	-51	-53	-56	18	10	2	36	
46	2	-23	-11	-8	-4	23	-42	
-100	-17	-65	5	11	4	-42	-67	
38	17	96	79	-10	-5	20	-20	
-6	-70	-59	-73	-52	-30	-42	-37	
-1	-8	101	43	19	13	-30	-6	
62	-8	-120	-72	-19	-3	49	103	
21	-12	12	3	-13	-4	69	76	
-103	20	61	68	13	-2	-54	-50	
20	-63	-57	-57	-11	-1	34	-1	
80	98	32	-54	5	-10	-39	55	
-75	-90	9	78	33	-11	10	100	
44	59	-9	23	-1	15	21	25	
-44	101	68	70	19	-6	-35	24	
-37	-48	-88	-59	-15	-10	-52	-95	
83	-28	-62	-128	-77	-22	-17	-128	
88	-1	-23	51	66	35	127	127	
-31	14	-14	60	12	1	76	37	
-4	-53	-75	-4	-20	-4	-65	-37	
-37	62	-26	-81	40	26	-44	-52	
-30	-69	38	56	-22	-27	-40	-61	
4	3	-30	-93	-28	5	40	17	
44	-13	93	127	41	8	48	127	
80	29	-91	-72	8	-3	-34	-68	
-118	-45	31	8	-23	-25	-41	-50	
-40	56	85	-26	2	51	74	53	
-40	-93	101	49	-27	-31	-81	-84	
58	15	-35	2	37	15	-15	-51	
103	109	-20	-77	16	3	88	66	
66	-37	13	95	3	6	-128	-79	
11	-64	-125	-128	-26	-6	18	-32	
-37	28	123	127	57	32	4	51	
-90	-20	-62	-59	-36	-27	30	-40	
73	20	31	-65	-51	-36	-28	-17	
43	83	-69	36	48	48	111	73	
-76	-57	121	120	1	-26	-95	-73	
68	85	-104	-50	29	47	15	113	
60	4	34	44	15	-7	76	105	
-70	-23	111	-12	-37	-30	-52	-18	
79	-112	-128	-82	-54	-25	0	-64	
-37	-60	14	-31	-10	5	-10	-2	
-33	-99	-128	-24	17	10	5	-33	
51	-6	100	61	-2	-21	-39	-42	
-20	9	-76	-23	2	11	57	94	
-13	1	26	-12	-1	8	11	31	
6	-41	-9	-18	-3	-15	-38	-38	
-10	-68	-33	-62	-20	-14	53	30	
-122	60	127	127	15	21	1	20	
82	21	-83	-73	-8	-6	-16	-36	
0	19	-11	-80	37	35	-67	11	
50	-13	-4	39	-7	-20	-58	47	
-5	55	27	-35	-23	5	83	37	
36	-35	127	88	3	-11	-15	62	
-34	-28	1	35	-26	-21	18	20	
-40	21	-128	-98	18	21	10	-18	
-36	-52	-74	-49	-5	-17	19	32	
-80	-88	121	68	-19	-21	-49	-128	
-48	80	-81	-19	-1	-5	-73	-31	
-24	58	63	76	12	7	119	125	
108	8	-61	-52	-23	-30	-74	-20	
-75	-6	-99	-104	-42	-1	53	83	
-22	-128	104	37	-32	-42	-59	5	
-31	18	-89	58	44	30	70	-64	
-2	44	108	54	13	31	40	55	
-10	3	-73	13	17	-22	-49	-50	
69	72	43	22	31	33	69	5	
-13	-27	-36	-85	-1	11	-72	12	
4	-36	17	-30	-48	-21	100	79	
82	22	-2	58	32	32	-109	-113	
-55	-72	21	52	-7	-16	106	115	
60	95	-14	8	17	10	-15	-122	
-114	-128	-61	-75	-36	-25	-89	-67	
38	39	35	1	9	1	68	66	
14	33	89	12	-4	4	-15	-71	
38	10	-57	-68	4	-3	14	-41	
6	-51	37	43	32	17	-19	-63	
2	38	81	69	5	-17	-18	16	
-9	-72	-128	-92	-53	-23	-50	-6	
-95	13	127	74	-30	-7	13	1	
44	-45	-107	-91	21	20	-9	80	
-34	-9	-2	-28	-15	-24	-20	-77	
-27	3	-58	-12	5	-4	53	86	
-61	-62	-97	-37	-4	4	-47	13	
-52	48	3	-24	2	-4	-62	-94	
49	4	127	127	49	29	74	81	
5	3	-99	-62	-17	-14	-55	-80	
29	42	64	-16	-8	-3	36	26	
-34	39	91	52	15	21	6	-18	
-23	-90	-128	-128	-18	-4	-8	21	
5	54	127	104	71	11	47	-58	
-6	36	-54	-33	15	9	10	56	
35	-21	-15	-64	-42	-7	9	8	
-64	81	87	25	-41	-6	81	57	
7	-15	-123	-113	-30	-16	-65	-60	
27	-43	127	127	45	26	12	75	
-10	-67	-10	4	4	-2	33	11	
83	104	-57	38	6	16	-18	-36	
-43	72	106	54	25	-1	-34	-95	
10	9	-95	-40	-22	-12	60	71	
28	127	64	49	13	-1	102	76	
-31	-108	77	9	7	25	-40	-14	
90	-17	-102	-91	8	7	-13	30	
-13	40	51	-4	-16	4	30	30	
-17	68	14	112	18	-19	-14	-41	
-46	6	29	-24	-37	-38	-32	-59	
54	44	-62	-57	-23	13	5	112	
11	8	5	-21	3	4	0	-3	
-34	-31	-61	-38	-14	-2	-22	-62	
10	-11	55	40	8	0	14	-8	
-41	-90	-54	10	5	14	34	62	
-46	-21	-54	-32	-15	-20	-112	-117	
89	101	94	40	46	30	13	-48	
-34	-65	-8	-28	-5	-14	2	16	
-88	-24	36	11	-48	-31	18	-94	
-53	-61	-70	-27	-9	9	14	82	
-46	21	32	24	-15	-26	34	52	
3	-28	-72	-60	-45	-42	-85	-58	
-5	26	9	64	46	52	44	25	
23	-4	-70	-42	14	-16	7	-11	
61	-125	-18	-6	-11	-1	12	24	
9	84	7	26	27	29	55	55	
-28	-44	38	-25	-23	-12	-10	-9	
34	75	81	86	7	-7	-27	-48	
37	-42	-53	-51	-5	16	29	7	
-52	12	-101	-88	25	4	52	27	
21	41	29	62	4	-24	-119	-89	
50	12	91	1	-49	2	114	127	
-98	53	107	25	-13	9	-125	-109	
42	-40	-91	-32	-5	-17	26	20	
58	102	-102	-49	2	6	112	71	
-67	29	66	74	68	15	-94	-82	
0	-54	-127	-84	11	-10	32	52	
23	34	31	41	26	34	-7	-24	
-10	-19	-23	-50	-22	-11	57	47	
-42	-86	77	35	-33	-22	-3	8	
75	43	-64	34	72	47	49	54	
-60	-44	-54	-67	-12	-14	-79	-16	
-34	-112	-35	-66	-71	-27	-12	5	
-22	-81	-96	-77	-23	-6	77	52	
-105	66	59	72	15	-19	-89	-67	
69	28	62	5	24	19	100	127	
-63	-30	-55	1	-13	7	-128	-105	
-25	15	56	56	12	-6	31	53	
32	-5	-42	-34	-13	14	99	127	
-11	-5	-8	22	-1	-25	-97	-103	
-25	37	99	-14	-4	-16	32	64	
-13	-18	-57	-66	-14	6	-92	-8	
9	61	94	47	-10	-22	38	50	
11	-92	-72	-37	12	22	13	-60	
6	-32	19	14	22	14	33	7	
120	95	32	94	32	18	49	-10	
69	14	-50	45	-22	-10	-31	2	
-90	-55	-115	-96	0	9	-18	32	
95	-6	65	71	51	23	75	40	
-89	-49	-86	-95	-95	-68	20	45	
-22	-45	-35	-9	-16	0	-24	-7	
72	71	27	111	14	7	-21	-65	
-60	-26	74	13	36	36	-7	27	
52	86	36	28	7	-9	38	38	
27	-6	15	-41	-42	-34	-41	13	
-128	-27	-69	-73	-6	5	22	-45	
-54	-49	-52	10	25	20	3	-20	
-15	60	0	26	31	49	62	48	
-11	-128	-122	-116	16	-11	-17	-74	
86	61	127	87	-3	-12	39	92	
25	-16	-93	76	-17	-38	-88	-89	
-70	-65	-59	-74	-9	3	-38	-81	
-20	-4	-128	-40	25	15	-3	-29	
-7	44	91	16	-14	12	32	64	
-33	-48	-25	8	-37	-42	27	58	
99	71	77	-57	18	46	48	48	
-83	-107	127	112	10	-51	-82	-40	
37	19	-102	-57	-24	-13	22	104	
17	62	127	-35	-39	-5	23	47	
-74	-120	-89	10	2	-23	-115	-117	
-17	33	64	8	33	62	109	-7	
-23	7	-23	43	25	-13	52	66	
6	-69	-6	-53	-14	-22	-51	-104	
20	-17	47	70	0	-3	-67	-45	
-33	65	-65	-123	2	14	33	66	
-55	-6	127	20	-67	-49	-63	-128	
-66	57	-128	56	70	68	63	61	
-10	-128	-7	-57	-54	-69	-31	-64	
23	55	-48	2	-72	-21	-31	-36	
-10	-55	58	40	39	17	35	99	
-43	80	44	-51	-7	12	-5	-98	
23	13	16	0	1	-6	-38	-87	
32	-14	-67	-4	46	29	-11	3	
24	20	62	16	3	9	73	18	
40	113	102	4	9	-2	38	54	
-108	-14	-44	31	24	12	-33	-32	
2	0	-40	-9	-40	-40	-84	-52	
-77	-30	-7	41	2	23	20	-25	
62	3	-104	-13	2	-12	-22	40	
70	76	-25	-31	39	51	127	76	
-22	-62	45	-20	-38	-9	0	74	
-49	-11	-25	-33	4	-22	-65	-102	
27	-44	57	36	-25	-32	-1	31	
27	107	74	29	1	20	-12	-28	
51	-20	-50	-67	35	34	53	82	
22	-21	-73	22	-7	5	-29	-36	
14	58	97	66	30	26	15	-9	
-21	-15	-44	-13	14	-10	9	46	
2	65	-2	-26	-12	5	-17	-79	
-31	24	-1	6	7	6	50	33	
-13	-19	52	45	11	1	-26	85	
19	39	-95	-24	12	13	-5	-36	
-34	-98	-12	-20	-40	-27	46	30	
14	-10	39	42	-12	-34	-58	-43	
68	2	-87	-52	14	29	35	25	
7	27	127	52	-18	-11	5	95	
61	22	117	95	27	4	-1	-16	
4	51	-109	-47	16	9	2	-6	
1	5	-5	-15	-30	-13	-4	-17	
-12	-60	-15	-18	-18	-8	-16	-48	
10	8	-8	11	12	8	31	17	
2	-3	14	38	17	33	13	60	
-5	10	61	-17	-10	-32	-92	-128	
-13	50	-118	2	30	6	-12	39	
-20	2	24	17	-19	-17	18	17	
22	-3	-19	-28	-9	1	12	16	
-10	-23	-39	-52	-9	1	0	-20	
4	-11	65	5	-18	-13	3	-12	
-18	-10	-20	8	18	9	7	-25	
13	-44	-37	-34	-7	-2	-22	-9	
-3	-8	-2	16	0	-5	9	14	
2	-18	16	14	-3	-4	8	-10	
-7	-9	-29	-11	10	2	13	10	
14	-24	-7	-28	-25	-6	-20	-3	
-14	-26	-8	5	-1	-5	3	5	
-12	-44	3	-4	4	-7	9	-6	
5	-5	-15	-24	-10	0	-18	-18	
-4	20	27	2	-3	-2	-11	2	
-14	-13	-18	5	12	8	24	3	
7	55	12	-5	-2	-4	-17	3	
-4	-55	-1	-4	-3	-8	25	16	
6	35	8	10	1	2	-51	-5	
6	-24	-33	-8	2	1	16	22	
-1	-15	0	-15	-10	-4	3	-7	
-11	17	14	15	-4	-4	0	-3	
-2	5	-9	-21	12	8	8	5	
-12	-7	-3	13	-9	-1	2	-12	
1	-20	3	-12	-6	-4	-6	-7	
-7	7	-7	10	-1	-3	-7	-8	
10	-34	-13	-2	-10	-4	7	3	
-1	16	-4	-15	7	4	-7	1	
2	-24	-6	8	-1	-2	11	0	
-1	27	4	1	-3	-1	3	4	
0	12	-1	-7	-1	-4	-1	-1	
-7	9	5	-1	1	0	3	2	
1	-43	-10	-4	-4	-6	0	-1	
7	23	-5	-6	3	5	-9	-9	
-4	2	5	2	-4	-1	-4	-3	
-1	-2	-3	-2	2	-8	-1	0	
3	-79	-25	-15	-9	-1	-4	-5	
-3	11	5	0	2	2	-9	-4	
-1	-3	-2	4	-5	-4	7	0	
-4	-4	0	4	8	4	0	3	
-3	23	8	-4	-1	1	-2	-3	
-5	0	4	7	-1	-1	-4	-3	
1	-5	-4	0	-3	-3	3	1	
-1	2	-5	-10	-1	-3	-2	-2	
0	7	3	6	-1	1	-1	0	
-2	-1	-1	-2	-3	-1	1	-1	
0	43	19	6	3	-2	-5	-2	
2	3	-2	0	-1	2	-1	-1	
-3	-12	1	-4	-2	-3	0	-2	
-3	5	-4	1	3	2	1	0	
0	3	3	0	5	5	3	4	
2	-5	-6	-3	0	-5	1	0	
1	6	0	-1	-4	-2	0	-1	
-10	-25	-5	-2	-1	-1	-8	-6	
5	2	-2	-1	-2	1	0	1	
-2	1	-1	0	-1	-3	-1	0	
-1	6	1	3	4	1	0	0	
1	4	1	-1	-2	-4	-3	0	
-4	-5	-3	0	-1	-2	-1	-5	
6	25	-4	-1	-1	1	-1	2	
-2	-7	0	-6	2	-2	-2	-1	
1	13	5	4	-1	3	-1	0	
-3	-24	-7	2	-2	-4	4	0	
-4	8	5	3	5	-2	-2	-2	
0	17	-1	-4	-6	-2	-1	-3	
3	-1	-6	-4	2	1	2	-2	
-1	-28	-6	-6	-2	-1	6	0	
-2	-44	-15	-5	-4	-3	-5	-4	
0	4	2	0	0	0	4	1	
1	-7	-5	-2	-3	-3	-4	1	
-3	6	1	1	-1	1	-2	-2	
-2	7	6	1	1	1	1	0	
0	-2	1	-1	0	-1	0	1	
-4	-2	1	-2	-1	0	-3	-2	
-3	-29	-9	-4	-2	-5	-2	-2	
5	8	2	3	-1	2	0	0	
-1	12	4	2	0	0	0	2	
-3	22	8	4	5	1	1	-1	
0	5	0	-2	1	-2	-1	3	
-3	-8	0	-4	-3	2	2	1	
1	-5	-4	-1	-2	-2	1	-2	
1	1	-3	1	2	-2	0	-1	
-5	0	-4	1	0	3	-2	-3	
1	4	1	-4	-2	-2	0	3	
1	40	10	3	0	2	-1	-1	
2	-8	-2	-5	-2	-2	0	-1	
-1	19	7	3	1	0	1	-4	
0	-37	-8	-1	-3	-4	-3	0	
-4	-16	-4	-1	2	0	3	-2	
-8	1	3	2	1	2	-2	0	
4	3	-3	-3	-3	-1	0	0	
-7	15	9	5	4	3	1	-2	
