0	26	6	3	2	0	0	1	
2	-3	-2	-2	-2	0	0	2	
-4	4	7	3	4	2	2	-1	
-1	1	0	-2	0	-2	0	-1	
-1	-10	-5	-2	-1	-1	0	-1	
-2	-4	-1	1	0	-2	-1	0	
5	18	6	0	0	0	1	0	
0	-3	-1	0	-1	0	-1	-1	
0	-3	-5	-3	-1	0	1	-1	
2	24	4	-2	-1	0	2	-2	
0	-9	-6	-4	-2	-2	-1	2	
0	4	0	-1	1	0	-1	0	
6	-3	-9	-3	-3	-2	-3	0	
-4	-6	0	1	0	1	-1	-1	
1	5	-4	1	0	-2	0	0	
-2	1	0	1	2	0	-1	-2	
-3	-6	-2	-1	-1	1	-1	-1	
-3	4	5	2	3	1	0	0	
4	3	-5	-1	-1	-1	0	1	
-7	-36	-6	-2	-3	-4	-1	-1	
-1	6	2	-3	-1	0	-1	-2	
-4	-34	-11	-3	-3	-3	-5	-2	
1	1	-2	-3	-3	-2	0	1	
-1	12	6	2	0	1	0	-1	
2	-2	-3	-1	-2	-1	-1	2	
-2	-5	-4	-1	0	0	-4	-2	
4	5	-2	-2	-1	0	-1	-1	
3	1	-4	-2	-1	0	0	0	
-3	-5	-2	1	0	0	1	-1	
0	1	2	-1	0	0	0	0	
-1	0	-10	-3	-1	-2	-2	-4	
-2	9	3	2	2	0	0	1	
4	1	-5	-4	-4	-1	-4	-1	
-1	-2	-3	0	0	0	0	0	
-10	2	10	4	2	2	2	-2	
6	6	-4	-3	-3	-1	0	1	
-6	-4	1	2	1	0	-1	-1	
2	0	-1	-1	-2	-2	-2	0	
2	27	10	3	1	1	0	1	
2	3	-1	-2	0	0	1	1	
-1	-7	-1	-1	-2	-1	0	0	
0	2	-1	0	-1	-2	-1	0	
4	14	6	1	1	0	-2	0	
-3	-1	0	1	-1	0	0	-2	
-3	-28	-8	-3	-2	-2	0	-3	
0	-5	-3	-2	-1	0	1	0	
-3	-9	-3	0	-1	-1	-1	-2	
0	-8	-3	0	0	-1	0	0	
-4	-2	1	2	3	1	0	-2	
-3	5	6	1	0	0	0	1	
4	-10	-7	-4	-5	-2	-2	-1	
-2	7	3	-1	-1	-1	-1	-1	
-1	5	3	4	1	-1	1	-1	
1	-4	-2	-2	-2	-2	1	-1	
-4	-4	0	-1	2	-1	1	-1	
1	7	3	1	1	1	0	1	
-1	9	5	2	1	0	0	0	
-2	8	-4	0	-1	1	-1	-3	
-1	-8	-6	-2	-3	-2	-2	0	
0	28	12	3	0	2	1	1	
-4	-10	-3	-2	0	-1	-1	-2	
0	5	3	0	0	-2	-1	1	
0	-2	-1	-2	-1	0	0	0	
-2	-4	-3	0	0	-2	-2	-1	
2	9	3	-1	-1	-1	-1	1	
-7	-6	3	0	0	1	1	-2	
12	2	-12	-4	-2	-3	-3	1	
-2	-18	-10	-11	-1	-2	-1	-1	
-2	-20	-6	1	-10	-4	0	-1	
0	-4	-8	-4	-1	0	-1	-3	
-8	-24	10	-6	3	2	-1	-4	
-2	7	13	20	1	-2	0	0	
6	0	-19	-4	1	1	0	2	
4	4	-42	-36	-7	-4	-3	2	
-3	46	32	4	2	2	5	3	
-2	-2	0	-4	1	1	-2	-1	
-11	-6	45	21	8	2	-5	-3	
-7	-13	26	12	-6	-5	-6	-2	
-1	-53	-82	-9	5	0	0	3	
8	3	-39	-34	-9	-1	-2	-2	
-12	-48	-18	-22	-22	-8	-7	-9	
15	45	26	5	12	9	8	6	
-22	-23	27	17	-6	-6	-1	5	
25	-3	30	65	19	9	3	-13	
39	55	-55	-59	2	4	1	-28	
-10	-34	-27	37	10	3	5	24	
-15	-70	43	-36	-10	-13	-10	-22	
30	71	-104	-37	-41	-16	-14	0	
-28	92	75	-42	25	17	19	28	
31	36	99	76	34	14	13	-9	
-32	-16	-80	-33	10	6	13	-12	
45	-33	127	26	17	4	5	13	
-13	65	-14	49	-19	-7	-15	-25	
13	-39	-110	-119	-86	-26	-7	2	
34	-7	-4	5	-16	-2	2	25	
-88	40	42	-34	68	41	18	8	
71	-88	10	66	-54	-40	12	-4	
44	87	32	54	59	20	1	-23	
-67	44	87	16	-41	-15	-11	-25	
-35	-128	-104	-122	-33	-11	22	13	
-27	104	37	31	53	15	-20	37	
45	-77	-65	-3	-41	-5	-28	-10	
60	0	89	120	-7	-47	17	8	
83	108	51	27	26	-9	0	-18	
-86	-128	-97	-41	-12	14	-25	-10	
-69	6	100	69	69	11	13	-6	
9	0	-98	38	10	36	-15	26	
-41	-112	8	-84	-89	-65	-26	-52	
11	-16	-36	16	-55	-39	12	-7	
42	-27	-86	-104	-6	12	-8	42	
66	38	60	-39	39	32	3	14	
-21	-66	1	59	-3	-28	6	-4	
-65	47	-31	-42	38	51	37	-27	
-9	-26	-56	16	-26	-45	-9	10	
50	91	83	78	53	25	-23	4	
-12	-6	-103	-29	-22	1	-8	19	
57	-60	41	-55	-17	13	-11	-23	
-68	-99	-75	41	-86	-28	23	-25	
-100	-84	-128	-111	-29	-10	0	-25	
44	-29	127	127	43	14	-14	15	
32	46	-46	-44	107	38	54	55	
-46	-52	-6	-19	-52	-24	-36	-29	
15	71	83	-18	33	4	15	5	
-69	57	-68	-65	-47	-45	-19	-13	
34	-47	112	105	-61	-41	2	34	
4	90	-25	-71	39	10	-17	-17	
11	77	9	-19	-35	-71	-2	22	
59	21	2	-32	55	10	17	23	
-65	-113	-37	52	-64	5	-64	-59	
57	-26	127	-70	27	17	25	36	
-87	-93	71	65	54	52	24	1	
21	92	-87	16	33	62	1	-6	
28	17	-23	-12	-16	-7	-12	3	
0	86	53	109	-35	3	18	25	
45	54	23	-5	-3	-27	-5	-32	
3	-36	-39	-66	-88	10	1	1	
10	-14	-65	21	22	8	-20	16	
-51	-60	-19	-7	15	-30	-20	-34	
75	84	-37	-17	9	-1	4	38	
-103	44	-13	122	71	19	-10	-25	
71	127	-20	28	-11	-2	14	31	
-25	92	77	51	11	-7	-15	-13	
-23	10	-107	-121	-15	-16	18	-19	
24	-75	-20	18	-73	-16	23	47	
18	101	98	57	56	11	5	8	
7	-54	-128	-98	21	-13	-10	-24	
-14	41	-52	48	4	2	-15	-5	
-12	70	60	27	-6	19	45	26	
-53	31	56	25	5	15	24	6	
-10	-32	-42	4	21	38	-10	-28	
-21	-21	27	11	12	55	4	-24	
26	-24	-3	-21	25	-66	-35	-33	
-69	-92	31	26	-69	-6	-33	-34	
24	10	-105	12	-38	21	4	2	
-54	-128	53	13	39	77	-7	-22	
-55	81	38	-3	-37	-22	-28	-19	
6	-113	-97	-126	27	-17	20	-24	
12	-20	83	78	24	23	1	41	
76	28	2	94	20	-93	-47	12	
16	19	62	-22	-4	-11	-8	-32	
-15	124	-68	-10	-18	-9	33	47	
21	65	-2	-35	18	78	52	40	
-26	-108	48	-1	1	15	-13	-21	
-38	-128	-101	-72	-9	-8	-20	-15	
90	89	72	47	62	-29	-1	19	
2	-53	32	-61	14	-38	-3	6	
-37	-79	-80	20	-53	39	10	8	
73	107	65	121	52	23	41	31	
-125	-88	-116	-128	18	-72	-29	-54	
68	-66	9	-66	9	29	16	42	
5	52	-37	15	-44	16	30	7	
-46	-128	-28	69	-23	23	-49	-19	
7	-36	22	36	44	-18	10	-11	
-40	11	81	27	55	-7	-19	-16	
29	-19	-94	-128	-103	-39	30	14	
-48	-42	-54	-74	-84	22	-38	-17	
3	-68	63	58	-14	24	-5	-26	
-36	-121	-117	-36	-4	0	-25	-32	
0	9	56	-106	37	-49	9	16	
-36	66	51	91	-2	0	27	17	
-12	-96	-64	-61	-28	-44	-12	-22	
13	-9	102	42	38	11	25	-11	
-47	29	-3	-4	-13	76	-56	-6	
43	77	26	-17	67	-49	40	5	
-7	22	65	62	1	10	3	-2	
8	51	44	121	24	8	10	19	
48	49	-79	-94	-74	-98	0	-3	
107	82	-95	-111	71	36	19	47	
-40	76	-13	12	51	5	-1	2	
-7	45	30	-34	-33	-6	19	28	
-67	-41	1	97	6	4	-16	-5	
48	-108	-115	-113	81	-31	11	2	
21	19	-16	-54	-128	-16	-15	12	
-6	92	15	3	48	10	62	-2	
-5	-50	-30	54	5	-16	-40	-9	
-84	-121	-28	-33	-25	62	-64	-73	
83	32	100	85	94	-9	31	33	
-41	-35	-102	24	-55	-32	-31	-28	
-70	46	-110	-110	-15	17	10	-29	
103	-13	93	-28	-1	-79	62	98	
-102	-25	-50	-29	-59	-2	-25	-5	
0	-12	-47	-1	-51	26	-6	-33	
5	46	66	9	21	123	14	-53	
2	-3	32	-23	78	-61	-27	-4	
-9	57	47	52	-23	-53	16	27	
9	58	-6	-101	-99	21	-36	7	
-2	-11	-14	6	57	49	26	21	
-15	65	81	84	-67	3	-13	-19	
72	-32	-76	-100	87	7	28	26	
-49	4	37	6	-4	-35	-19	-25	
47	-55	-1	-6	-52	1	-13	6	
-95	-85	-126	-88	-8	17	-10	-33	
55	-27	25	55	78	35	45	12	
-3	-20	37	80	9	-89	-28	14	
24	76	9	-53	78	-51	20	20	
-39	-92	31	17	-57	77	-2	-51	
-26	-74	-95	-84	-30	-4	-26	-27	
-51	-127	-24	68	24	-22	-7	-15	
34	22	23	-36	-88	-93	-30	-17	
6	36	34	19	-44	-54	53	91	
-18	37	-29	-71	76	73	-40	-4	
38	17	65	65	-19	7	-19	-51	
-79	-96	-19	15	41	20	-19	0	
28	26	44	31	-39	119	-19	-49	
40	0	-105	-80	-41	-15	-2	16	
12	70	11	16	83	16	16	-2	
-13	1	104	59	-9	6	-11	-9	
-16	16	28	28	17	-33	21	13	
15	45	127	73	-29	50	-15	-31	
80	96	9	-128	80	-27	15	62	
-56	-27	-1	127	15	-52	-8	-13	
20	113	97	17	-42	-76	-12	-29	
-38	-76	-20	1	-32	-43	9	44	
-9	-90	-96	-34	-36	105	14	-28	
1	-108	-91	-47	-21	5	-18	-22	
-28	3	-28	-2	23	-30	-6	10	
-13	-11	-68	0	40	-1	7	-30	
-18	75	125	50	-43	-21	-1	11	
68	80	54	-42	32	-62	53	72	
-6	41	35	40	86	60	-26	-39	
-8	49	100	119	-101	33	2	12	
-9	-82	-85	-83	40	-43	18	-4	
5	38	109	23	-31	23	-22	-7	
-30	26	4	59	4	15	10	-11	
62	30	6	-32	85	4	21	-61	
-28	24	-3	19	-61	-41	-44	80	
41	50	43	73	48	28	-6	0	
56	-59	-43	-34	18	57	21	7	
-76	-85	-6	-60	40	23	-16	-24	
-56	19	-67	102	-51	-25	34	-36	
26	14	-21	-87	-33	-52	-35	-7	
27	106	62	17	42	56	-14	9	
-17	18	45	37	-48	-17	1	-10	
43	19	-41	-94	11	20	15	13	
-29	-24	-74	-12	0	60	8	24	
47	-56	-47	37	8	-61	17	-18	
-28	-37	19	-115	-25	-20	-49	-15	
-22	-6	-41	3	26	3	-15	-23	
10	-65	23	-7	-58	-7	31	24	
25	-5	38	75	54	18	-26	35	
0	41	-110	60	-12	-59	8	57	
-64	-128	-24	-94	-39	-28	-3	-67	
-22	77	-22	-26	13	58	2	-23	
-16	-118	-44	12	-2	0	17	-7	
62	47	-35	-10	39	70	20	75	
58	82	59	-9	28	-55	32	-2	
10	61	10	19	31	-54	-14	15	
-48	-56	-34	-5	-67	-72	-29	0	
4	-24	-12	-1	-33	-13	16	-20	
46	8	31	75	-32	23	5	63	
-20	16	7	-14	102	92	-18	-70	
-4	-37	-128	-65	-47	-56	5	-13	
19	-8	95	38	62	15	-1	3	
-43	-29	-4	-54	-87	9	-29	-30	
-16	29	-52	31	57	15	30	36	
-71	-38	11	6	-42	-35	-25	-21	
31	-41	-62	-80	-54	-53	5	-20	
5	41	38	62	64	47	-11	-29	
-37	-5	83	-1	3	15	3	-9	
8	86	-85	-61	3	7	-17	8	
2	79	34	9	-27	-55	1	15	
-19	58	-14	-25	19	10	-6	4	
46	10	66	113	-34	-32	14	17	
3	13	-43	-82	-13	29	12	-18	
-33	43	55	-18	17	-39	-45	-39	
4	-58	49	12	84	22	-14	1	
8	-50	-17	60	-4	-21	46	22	
-35	-96	24	-95	-17	-16	4	-5	
5	-39	-36	28	-35	51	23	-13	
3	-30	30	-8	-25	55	-20	-35	
-9	-89	-93	6	0	-24	-20	-11	
-11	-22	-17	-21	-24	-45	-2	1	
17	-123	-20	-25	-97	9	-3	12	
0	-42	-85	-45	51	66	34	4	
-1	-122	-58	-59	-69	2	-29	-5	
26	38	-25	54	58	-21	34	33	
-36	17	24	-19	32	-12	-20	-26	
39	-35	-38	13	-106	-53	-58	9	
-41	-21	16	-7	31	11	-9	-15	
-8	-3	7	20	-9	32	14	1	
4	-18	50	-56	7	38	37	80	
-23	9	53	71	98	-13	11	-101	
12	103	54	54	1	-114	4	37	
97	-41	-41	-18	-11	-20	-5	37	
-29	-57	-5	13	-10	33	-35	-28	
14	4	-67	-35	-38	15	37	42	
3	-13	-12	-32	15	-11	-9	-44	
-35	53	14	50	-36	3	-7	-9	
7	36	-19	42	99	22	21	3	
-3	-95	-21	-33	36	11	0	34	
7	20	-55	-8	-44	-74	1	-15	
-24	62	106	-2	-4	6	-13	-19	
10	-105	-67	-43	-92	12	-29	-19	
-19	10	13	3	18	7	-5	8	
8	-23	22	-6	24	39	26	-1	
35	-11	-12	-8	23	0	-10	7	
-10	79	9	44	33	-15	-7	-13	
9	46	27	-15	-32	-31	-5	8	
30	-28	-60	-29	-31	7	8	15	
-16	-7	-29	-6	10	-2	-4	-7	
0	-3	-11	13	18	17	1	-3	
-4	7	-19	-13	-37	-13	-3	9	
5	0	0	-19	-14	-15	2	2	
-8	15	16	0	31	13	4	-3	
-1	8	-7	17	3	4	-8	-7	
4	6	8	6	-15	-23	9	14	
5	5	10	1	17	26	2	-7	
-3	-60	-16	-16	-8	40	-15	-3	
0	-13	-29	-11	-38	-7	-1	-1	
1	54	0	-1	-15	-24	-7	6	
-11	-16	12	2	26	34	0	-6	
3	5	-9	1	4	13	8	8	
2	17	-2	16	23	-12	9	3	
-5	-8	15	8	-3	-13	-3	0	
-1	10	-20	-17	-13	12	-1	-1	
-6	25	15	7	6	3	2	3	
-4	-9	-6	5	-1	-3	-10	-8	
-3	4	9	3	5	-6	7	1	
8	-13	-5	-9	-10	-12	-11	3	
-3	17	-1	2	-2	-8	0	-2	
1	2	-6	1	4	18	4	3	
6	-20	-15	-5	-2	-1	-2	4	
8	-2	0	-3	3	4	5	1	
-7	7	4	-4	-5	5	-7	-1	
-5	8	5	7	7	2	4	-1	
2	-2	-2	-3	-7	-10	-2	4	
-3	-9	2	1	0	-9	5	-4	
-2	14	6	3	5	14	-6	0	
3	-1	-11	0	0	-5	5	-1	
-2	-2	-3	1	2	-13	-9	0	
2	-4	0	-3	-2	-6	26	0	
0	10	1	0	-3	-3	-16	1	
-1	-23	-10	-3	-4	-9	-5	-1	
-3	-5	1	-1	8	-7	-2	-2	
-2	0	6	0	-7	-5	1	-2	
-1	6	3	1	1	5	27	7	
-1	8	1	3	0	-3	-34	-9	
-1	-35	-12	-9	-5	0	2	-1	
3	2	1	-2	-2	-3	-8	0	
-2	1	-1	2	3	0	4	-2	
1	5	0	-1	-1	-2	4	0	
-2	11	1	2	-1	-1	-4	1	
2	5	-1	-4	-5	-7	-3	0	
-2	-6	-4	-1	0	-4	-21	-3	
0	6	1	1	-2	-2	7	1	
-1	8	4	4	3	5	0	0	
3	-5	-3	-4	-3	2	-10	1	
-2	8	6	2	0	-6	5	2	
-10	17	12	8	5	10	2	-4	
12	4	-10	-8	-7	-7	21	6	
-3	-6	-2	1	-1	-5	-42	-8	
-3	39	12	6	4	12	9	1	
-3	-38	-13	-3	-4	-3	-8	-2	
-7	-6	2	3	3	0	9	-3	
-4	1	3	0	1	4	8	1	
0	6	1	-1	0	-2	-8	-1	
5	17	1	-2	-1	-3	2	2	
1	8	1	0	2	1	3	0	
1	-15	-7	-3	-3	-2	0	1	
-1	-12	-5	-2	-1	3	4	-2	
3	2	-1	-3	-1	-2	7	2	
-3	-3	-1	-2	1	-2	-10	-1	
-2	11	4	2	1	3	-1	0	
-2	-8	-2	1	1	4	2	-4	
1	1	-5	-2	-3	-3	5	3	
-1	15	4	4	1	-2	-9	-2	
0	-8	-9	-4	-3	0	2	-3	
-3	-7	1	-1	0	3	1	-1	
2	-6	-5	-3	-2	-5	2	-1	
-4	-6	-2	1	0	-2	-3	-1	
-2	1	3	1	1	1	2	-2	
-1	-9	-4	-4	-5	-2	2	-1	
-3	11	6	-1	2	-1	6	-1	
2	4	1	-1	0	3	5	1	
0	-1	1	-1	0	-5	-20	0	
3	-12	-9	-3	-2	-2	-3	-2	
-1	1	2	1	-1	-2	0	-1	
-2	-7	-4	0	0	1	0	-3	
-1	-10	-3	-1	0	2	6	0	
-11	-40	-9	-3	-2	-3	-2	-4	
