-1	-2	-3	-1	-3	2	-1	-1	
-2	-1	-4	-3	0	-1	0	0	
-1	0	10	0	0	-2	-3	-1	
-1	0	-3	-1	-1	0	-2	-2	
1	0	0	0	-1	-2	-2	-1	
-1	-2	-5	0	-1	-1	0	0	
0	0	-2	0	-1	0	2	1	
-1	0	0	-1	-2	-2	1	0	
-2	-1	-2	-2	-2	0	-1	-2	
-1	-1	1	-1	-2	0	-1	-2	
0	-1	-3	-2	-3	0	-1	-1	
-1	-1	-1	0	-1	0	0	-2	
-1	0	-2	-1	-3	-1	0	0	
0	0	-2	0	-1	-1	-1	-1	
-1	0	-3	0	-2	0	-2	-2	
0	-2	-3	-1	0	-1	-3	-1	
0	0	1	0	0	1	-1	-1	
-1	-2	-4	-1	-2	-1	-3	0	
0	0	6	2	-1	0	0	0	
0	0	-1	-2	0	-1	1	-2	
-2	-2	-1	-1	-1	-2	-1	-1	
-1	-1	-1	-1	1	0	0	-1	
-1	-2	-5	-1	-1	-1	-1	-2	
-1	-1	-1	-1	-1	-2	0	-3	
-1	-1	-1	-2	-1	1	0	-1	
0	-1	-3	-2	-1	-1	0	0	
0	-1	-6	-1	-1	-2	-3	-2	
-1	0	12	-1	-2	1	-1	0	
-1	-3	-6	-3	1	0	-1	-1	
-1	0	4	1	-1	0	0	-1	
-3	-1	-3	0	0	0	0	-1	
-1	-1	-5	-2	0	1	-1	-1	
-1	0	0	0	-3	-3	-1	-1	
-1	-1	0	1	-1	-2	-1	-1	
1	-1	-2	-3	-1	-2	0	1	
0	-1	-3	-1	1	0	0	-3	
0	-1	0	0	0	0	-1	0	
-1	-1	-1	-2	0	-1	1	0	
1	0	2	0	-1	0	-2	0	
-1	-2	-3	0	-2	-1	0	-1	
-2	-1	-2	0	0	-2	-2	-1	
-1	-2	-11	-2	-2	-1	0	-1	
-1	1	11	0	0	1	1	-1	
2	1	-4	2	0	0	1	1	
-1	-1	0	0	0	-1	-2	0	
-1	0	7	-4	-2	-1	-2	-1	
-2	-2	-14	-1	0	0	0	-1	
-3	-1	-1	-1	-1	-1	-2	-1	
0	-1	2	1	-2	0	0	-1	
0	-1	-11	0	0	-1	0	-2	
1	2	17	1	1	0	1	1	
-2	-4	-9	-4	-2	0	-1	2	
1	0	4	3	0	0	0	1	
-4	-3	-7	-4	-3	0	-2	-5	
-2	-1	1	-1	-1	-4	-4	-1	
-4	1	-8	-6	-4	-1	-1	-6	
1	-7	-16	-14	-2	-1	-1	6	
-1	-2	-1	-3	-2	-3	-2	-5	
-4	-4	3	-2	0	0	0	-5	
-5	-10	-9	-3	-5	-6	-4	5	
-3	1	-52	-20	-2	0	0	-8	
-2	-1	19	6	0	0	0	0	
-1	0	-7	-12	0	-1	-1	-1	
-17	-25	-73	-46	-18	-10	-8	-10	
25	50	107	98	37	19	15	15	
-18	-32	-48	-68	-23	-13	-11	-10	
28	46	44	100	39	19	13	16	
-30	-50	-61	-103	-34	-20	-17	-20	
32	51	75	94	38	17	15	18	
-6	-21	-106	-90	-6	-1	-1	-1	
16	45	97	99	26	12	8	8	
15	30	44	72	22	11	9	10	
-46	-103	-123	-112	-36	-23	-19	-24	
-7	7	114	66	2	0	0	0	
-6	-16	-119	-93	-17	-19	-15	-15	
36	17	102	117	23	16	17	22	
-24	-33	-84	-84	-39	-20	-15	-28	
-7	20	103	13	3	3	9	6	
-21	-15	-128	-70	-20	-1	1	9	
-7	68	127	85	33	11	-1	-2	
23	35	-69	42	8	23	21	14	
11	-18	18	25	92	12	-18	-7	
-72	-92	-50	-90	-60	-17	-25	-47	
59	63	-97	58	-51	-15	19	50	
-24	-4	-5	-27	-5	-41	-9	-9	
22	-66	51	53	-18	2	8	-4	
56	101	-20	-22	-26	-12	-2	29	
-48	9	15	-75	-20	-8	-17	-41	
7	-45	-23	5	49	43	37	40	
-8	-34	-111	4	-6	-8	-3	-4	
-6	-31	-2	10	38	19	7	-1	
-42	-79	-12	-98	-24	-3	-2	-25	
5	36	32	-25	43	10	-6	-23	
-5	43	110	59	11	12	2	-34	
16	-63	18	13	-60	-39	-33	30	
23	-102	-128	-100	50	59	38	34	
14	93	57	116	6	10	-19	-6	
-6	-26	-128	-22	31	-13	6	9	
-22	-74	-39	-108	-15	-35	-38	-38	
22	40	-81	82	71	37	6	0	
-20	-32	-64	-61	20	-20	-65	-15	
9	45	69	27	-128	-59	34	37	
-34	25	-29	29	-61	-11	66	1	
7	-43	69	-77	-48	-24	-14	-6	
-8	-15	77	9	52	22	-19	9	
-20	13	-128	-47	33	23	-57	-62	
3	-54	103	65	127	15	-1	26	
20	19	-36	-17	30	71	61	24	
37	-56	10	-69	-93	-78	-14	-16	
6	0	-87	-93	-86	-39	-28	-8	
5	16	53	68	-7	71	-9	-14	
-25	13	-31	-44	0	-54	11	-14	
-42	-2	-15	-55	-33	-12	-25	-31	
-51	35	12	-40	-44	-95	-42	13	
42	42	47	60	97	85	114	30	
36	10	23	19	4	63	-34	-4	
16	-4	-81	4	-80	-95	-71	77	
10	25	-42	9	23	123	127	18	
-27	58	59	53	11	71	34	-42	
-36	17	62	42	25	-70	-95	-37	
-7	-34	-35	-8	3	-12	-38	-24	
31	-8	89	75	10	-86	-126	-14	
5	-18	-128	-81	-8	-26	-12	25	
3	29	54	104	-1	8	39	-5	
34	5	77	17	-6	31	41	-11	
-30	-29	-59	-83	-35	-69	-41	0	
15	39	-30	4	0	-17	-13	-1	
-30	20	20	18	-1	6	4	-16	
-53	-79	-71	-60	-81	-77	-100	-48	
78	82	15	125	127	127	115	53	
16	-4	25	-13	-128	-48	-24	14	
1	-45	-128	-88	-69	-124	-76	-2	
2	1	71	-23	-49	24	32	6	
-32	-5	-44	-32	-11	22	7	-12	
-28	-45	-67	-126	34	-11	-24	-12	
22	25	31	108	40	50	47	25	
-4	50	44	87	82	57	45	-45	
-7	60	98	-3	-24	-51	-87	34	
28	-45	61	34	14	34	-1	-1	
-1	-10	39	-25	15	-22	-25	-2	
19	37	13	99	29	27	65	28	
9	-1	-21	-61	-14	-9	-15	-23	
-8	7	11	42	-33	-11	21	3	
-3	7	64	-17	-1	-25	-25	-13	
16	-31	49	68	51	43	-5	-5	
7	-28	-34	-51	6	-22	7	-2	
-28	-9	-15	2	2	4	-27	3	
-16	-9	-89	-15	-13	-79	-47	-33	
3	102	62	-47	-89	-55	2	6	
-24	-128	-107	-68	-118	22	42	15	
-20	23	51	54	110	-20	-25	-26	
-7	-1	-58	-68	-69	41	-34	-4	
-31	-16	-11	-20	13	38	18	-15	
18	-55	-99	11	49	-8	-49	-22	
40	64	53	31	21	19	-26	35	
3	-40	-37	-3	24	-37	-75	-22	
30	-6	-26	-8	20	68	124	9	
12	-2	8	-13	-28	-6	-7	15	
16	6	-29	13	1	27	51	-22	
47	-23	72	63	14	-5	19	41	
-2	-53	-74	-84	36	18	-1	26	
32	63	40	105	-40	25	10	-7	
-26	-26	-22	-45	-128	-128	-24	15	
-19	21	-41	-10	4	107	3	-3	
-60	-51	-124	-89	-93	-114	22	-19	
-30	-40	68	-63	-58	-6	-29	28	
19	32	-21	29	45	62	27	-4	
10	-89	-35	3	-2	-52	24	-28	
-40	47	-75	-33	74	12	-19	5	
40	44	31	2	43	-3	-42	-48	
-58	2	-13	-95	-24	-28	-49	-36	
18	66	22	80	78	-3	-51	20	
10	8	-26	-11	50	45	51	15	
-27	-18	-5	58	98	60	101	19	
-16	-6	-128	-92	-87	-25	-39	-61	
53	39	37	47	55	13	77	71	
32	7	99	58	-26	-43	-128	-23	
13	14	-85	-16	-67	-20	62	78	
-25	14	-8	-16	-21	-28	-15	-6	
-19	4	-60	-29	-20	-50	-7	-4	
-13	-12	108	-45	-25	58	52	-38	
27	-6	-24	11	41	124	53	43	
18	4	14	31	127	25	-46	15	
21	72	66	35	-29	38	102	35	
1	67	11	2	-26	-27	-33	17	
8	54	68	59	57	6	-15	1	
17	-81	-82	-64	-76	-80	-20	-19	
20	18	-6	-59	-47	-53	-69	-23	
-5	23	-61	32	-14	-10	10	39	
-35	-33	53	-20	2	11	6	1	
17	7	16	85	117	65	6	-38	
-60	-38	-128	-105	-96	-14	42	-19	
40	-51	45	39	43	32	8	17	
-7	-22	-92	-17	-36	-126	-126	-51	
9	-26	-33	-81	-81	25	20	53	
-57	-49	-35	-42	-27	11	25	-66	
25	16	36	67	12	48	55	28	
18	-51	-73	-92	28	-92	-38	-11	
13	19	20	14	-82	29	11	2	
-17	-58	-50	-97	0	17	8	-56	
7	14	23	80	56	80	53	24	
-11	7	-85	-32	45	12	-10	-41	
-18	45	41	69	17	-11	-1	18	
34	-120	-82	-50	-101	-58	-9	52	
47	-32	-60	-64	-21	-96	-76	-33	
39	20	95	43	50	127	60	15	
-30	-36	-4	-65	-70	-128	32	-34	
-19	0	-12	-42	8	90	24	108	
-19	38	-15	-8	49	44	-74	-73	
20	11	-27	32	-52	-97	-7	-60	
-20	-38	60	-95	-39	-48	16	26	
60	95	122	101	4	102	66	21	
-47	-28	-13	-14	-24	-21	37	-4	
-12	-3	21	-53	-24	-17	-10	-6	
-31	19	-28	57	27	11	-59	-29	
5	-63	6	3	-29	-51	-23	-40	
-5	19	10	6	40	41	-11	41	
-50	78	36	29	-24	25	30	-13	
5	-32	29	59	37	2	88	92	
32	-28	-45	-62	-1	-28	-40	-13	
21	-53	16	-19	-72	-81	-19	4	
-29	-31	-28	-72	-51	-1	28	-7	
52	19	11	22	-23	27	-29	-55	
-49	-13	14	33	81	51	-5	57	
-6	18	-20	38	94	17	-2	6	
20	-6	-78	72	-22	-29	-58	-3	
32	-20	-105	-38	40	32	19	8	
-21	40	-70	-73	77	91	16	-39	
20	6	-42	19	-128	-102	27	19	
-25	40	19	-22	72	-47	-21	13	
21	14	6	29	-52	76	-6	-13	
-42	1	13	-6	7	-70	-53	-31	
5	24	-34	43	55	62	-4	77	
-2	-37	25	73	127	106	25	-56	
-27	-8	23	-56	-19	-14	-61	7	
14	42	0	79	-7	-65	-6	-10	
-3	-47	-59	-27	-119	-28	-23	-40	
-21	15	-10	-60	-18	-8	-24	-1	
42	28	-65	76	99	10	43	18	
-21	60	126	58	-14	62	25	46	
-15	1	-52	-19	58	1	-36	-31	
-9	-79	-54	-81	-91	-34	-27	-19	
30	16	12	-11	121	66	20	45	
11	-16	-33	-13	-88	-57	37	-12	
-27	19	12	-24	38	-47	-20	2	
-16	0	67	35	-47	24	42	34	
-34	9	-114	-105	-58	-55	18	-52	
27	-41	36	0	-28	13	-16	28	
1	-22	-4	-11	55	14	65	60	
-8	-33	-105	-73	-17	30	5	-30	
28	71	114	127	88	18	-28	30	
-51	41	-79	-23	-33	-41	-11	-22	
4	-22	-37	-45	-79	-51	5	-55	
-3	0	-56	-19	-66	-51	-24	-5	
20	-63	-52	7	38	81	-1	-4	
3	7	21	-47	127	9	14	-34	
-15	10	-5	-8	-46	52	-2	-24	
22	-39	-26	12	-99	-97	42	68	
-21	19	127	-15	-15	-37	-12	-23	
2	-30	-40	-18	-23	13	-33	-59	
-3	-27	-85	-67	67	76	23	55	
0	36	-62	6	121	84	-7	3	
8	-18	-48	80	-92	-38	10	-1	
14	-9	-18	-23	-80	-39	14	34	
-69	24	-39	-93	-58	-25	-18	-67	
-13	24	112	67	73	43	35	57	
-26	-7	-5	-30	11	-9	-31	-65	
28	26	80	108	109	63	36	40	
-20	-32	-6	25	51	2	-1	-4	
10	8	74	37	-56	-53	7	-21	
-17	6	-46	-32	-54	-10	-15	-13	
-47	27	53	66	38	36	-16	-17	
40	65	88	52	-17	-25	32	50	
12	42	22	67	101	25	-21	-31	
-1	-35	-2	-36	-124	-47	10	42	
-5	-9	-57	-67	-96	-43	-28	-26	
11	-6	50	20	9	20	11	14	
10	-2	29	5	67	39	-22	-13	
-37	11	18	33	103	20	-5	4	
10	14	69	12	59	24	29	8	
61	-55	-69	-1	-19	-19	-50	-15	
-18	-7	-73	-60	-65	-37	-13	-6	
17	-33	-18	-19	2	13	24	34	
-23	7	10	-17	-23	-56	-50	-6	
9	-8	6	8	-11	8	10	-4	
-6	16	4	4	32	-13	-30	-14	
-3	-23	-25	-32	-15	45	-3	-1	
0	0	-27	11	10	-24	8	-13	
-6	14	1	-5	-41	1	13	7	
-4	-1	30	24	19	27	18	16	
-3	2	-7	-18	-3	-18	6	-7	
4	-26	-18	-6	-25	-5	4	7	
-12	0	0	7	32	14	3	-11	
7	-11	-3	-11	-15	9	13	8	
-1	-3	3	2	-2	-17	-12	-4	
10	-7	-16	10	23	11	1	1	
-13	-17	-14	-13	-9	-1	-15	-7	
0	5	7	-1	-19	1	13	13	
-2	8	-4	0	7	-15	-6	-2	
-6	-11	-9	-1	-4	7	-9	6	
-15	-4	-8	-10	3	-16	-16	-74	
-10	-8	1	-6	-28	-18	-22	28	
28	5	0	1	12	22	68	70	
16	-13	-15	-11	-2	-10	-16	-28	
-38	-5	5	4	6	47	62	-37	
14	1	0	2	-6	-41	-94	-74	
-22	-6	-6	-10	-7	-15	44	49	
23	2	-3	2	5	40	34	-96	
-8	1	0	5	16	15	39	90	
2	-4	-2	-8	-8	18	20	32	
-10	-5	-8	-6	-3	-32	-70	-53	
7	1	2	3	-3	-25	-15	-65	
-6	1	2	3	4	-14	-38	-28	
0	-7	-5	-5	-5	9	28	16	
-9	-5	3	-4	-6	-15	-24	-26	
-11	-3	-5	1	5	10	2	3	
14	-1	-2	-5	-4	-7	-27	-28	
0	3	6	1	-1	11	21	33	
-2	0	-4	-1	1	12	-2	-28	
-16	-3	-3	-3	2	9	-2	27	
8	-4	-3	-4	0	-8	-14	36	
1	-5	-14	-11	-6	1	16	-7	
-4	-6	4	18	8	5	-5	-24	
-11	-9	-14	-6	-3	1	-1	23	
13	12	-22	-64	-18	-11	-10	18	
8	26	29	6	-3	6	16	-20	
-1	-18	-9	10	0	-2	-10	-22	
-8	3	-15	6	6	-3	-4	42	
6	-49	-21	22	6	-3	-5	-9	
-8	-1	14	-27	-5	4	6	-15	
12	7	16	0	1	-3	-5	8	
2	-3	-3	4	-2	-8	-2	17	
-1	15	-6	-10	-1	-3	-2	-7	
-3	-11	-22	-2	0	-1	-1	-4	
-3	-3	-2	-3	-1	-4	-2	6	
-1	-5	2	-8	-5	0	0	2	
-1	12	2	1	-2	-6	-8	-10	
-3	0	5	12	2	2	1	-6	
-2	11	0	-3	1	4	1	0	
9	-4	-5	-11	-4	-2	4	-2	
-3	2	11	10	3	-2	-1	13	
-2	-2	1	9	1	-1	-3	-16	
1	0	-6	-13	-2	1	2	13	
-1	10	4	-2	-1	1	-3	5	
-7	14	8	9	-3	-4	-6	-23	
5	3	-3	6	2	4	9	29	
2	0	-2	-7	-2	2	-2	-10	
-7	0	2	2	-2	-2	-3	12	
-3	3	9	7	0	-5	-7	-5	
-5	1	-5	-3	-1	3	3	-9	
-2	2	-7	-4	-1	0	0	-5	
-4	-7	0	-1	-1	0	-2	0	
1	8	6	4	3	3	4	51	
-3	-5	-6	0	-2	-5	-4	-41	
-4	-7	-2	-1	-1	-2	-6	14	
0	-2	18	2	-1	-2	0	9	
3	-8	-6	-1	-1	0	-5	-12	
-2	-2	0	1	-1	-1	2	-5	
1	5	-7	-8	0	0	-1	-4	
-3	9	5	3	2	0	-4	-9	
-2	-7	8	-1	-5	-3	-4	-10	
3	4	-12	1	-1	0	2	14	
5	-20	-14	-8	-4	-3	-3	-15	
-1	4	4	-1	3	2	2	8	
-9	-18	4	8	3	0	-1	-3	
-18	13	-3	-8	0	1	3	7	
2	2	7	2	-2	-1	-3	-5	
-1	-9	-7	2	-1	-3	-2	-3	
1	1	-2	-2	0	-1	-1	1	
-2	-1	4	1	0	0	-1	-4	
-8	6	1	-2	-1	-1	-2	-7	
0	-6	0	-2	-1	-1	-2	4	
1	2	-4	-1	1	0	-1	-5	
4	-4	-1	2	-1	1	0	5	
3	-2	1	0	-1	-3	-1	-3	
3	-7	-4	0	-2	-3	0	2	
2	0	-4	-1	-1	-1	-1	-2	
4	-8	2	0	0	-1	-1	0	
-2	2	2	1	0	0	-3	-3	
-4	1	-6	-3	-1	-1	-1	-1	
0	-3	-7	-1	-4	-2	-2	-3	
8	-4	3	-1	-2	-2	0	5	
-3	2	9	1	0	1	0	-2	
-2	-1	-5	-2	-2	-1	0	0	
1	2	-3	-2	0	0	-1	1	
1	-4	-1	1	0	1	0	0	
0	3	-5	-2	-1	-1	0	-1	
-8	21	-5	-1	-1	1	-2	-2	
-3	-2	14	1	0	0	0	-2	
-3	-1	-4	-1	-1	-2	-2	3	
-5	-1	0	-3	-1	-1	1	2	
0	1	1	5	1	-1	-1	0	
4	-4	-7	-5	-4	-2	0	-5	
-1	-2	0	0	1	0	-2	1	
0	5	-4	-2	0	0	-2	-1	
1	-9	0	-2	-2	0	-4	0	
-1	-2	-2	0	0	0	1	-1	
2	-5	1	1	-2	1	-1	-4	
0	-3	-2	-2	-2	-2	-2	-3	
-4	-5	-2	-1	-2	-3	2	2	
