-16	14	5	0	-2	-1	1	-9	
-3	-7	3	-1	3	0	7	1	
7	-1	-3	-3	0	0	0	-1	
-1	2	2	-2	-2	-1	-3	-2	
6	3	-4	-2	-4	-2	-3	-1	
0	1	1	0	-1	0	-1	-1	
-3	7	0	0	0	3	1	1	
-2	-1	-4	-1	0	-5	-3	0	
1	-11	-1	0	0	1	0	-1	
-1	-1	0	1	-2	0	1	-3	
-1	5	0	-3	0	-2	-3	-2	
-6	-6	-9	-1	-2	-2	1	-3	
-6	-8	2	-1	0	-3	-3	0	
-4	-14	-5	-2	0	1	-1	-1	
-3	10	4	2	-2	0	-3	-3	
0	11	5	-1	-1	-4	-2	0	
11	-11	-9	-2	-1	-2	-3	2	
-3	-3	3	-1	-2	4	6	-1	
2	-2	-2	0	0	-2	0	1	
-2	4	0	-1	-1	3	4	2	
-3	-4	-1	-1	-1	-3	-2	1	
3	-3	-3	-3	-1	-8	-12	-4	
0	4	-5	-1	2	0	4	6	
3	-9	0	1	-1	-2	2	-2	
-2	3	-3	-3	-1	1	-1	0	
-2	3	4	1	0	-3	-2	1	
-2	-10	-1	0	0	-1	0	-2	
-1	-12	-2	-1	-1	1	1	-1	
2	5	-2	0	-2	0	0	-1	
-1	12	0	-2	0	1	4	-1	
-8	-6	0	0	1	1	0	0	
8	0	1	-2	-2	-1	-10	-1	
-5	2	2	1	2	0	3	-1	
10	-9	-6	-1	-2	-4	-4	0	
-1	-7	-6	-1	-3	1	3	-3	
-7	8	1	-1	-2	1	-4	-1	
3	-7	-1	-1	0	-2	2	-2	
-13	2	3	2	1	-1	-5	-2	
4	0	-1	-2	-3	-3	-1	0	
4	-10	-5	-4	-2	1	1	-1	
-2	-10	0	-3	-3	-1	-4	-2	
9	5	-2	-2	1	1	2	1	
-11	-2	3	1	0	1	-5	-5	
-2	3	-7	0	-1	-3	2	1	
4	7	9	1	-1	0	-1	0	
-2	-3	0	0	-1	0	1	1	
-4	7	-13	0	-1	1	-1	-2	
-1	1	8	3	-1	0	8	-2	
-5	0	-5	-3	0	-2	-2	0	
-1	3	4	-2	0	0	-16	1	
4	-5	1	-3	1	-2	1	-1	
-6	-7	1	2	0	0	-3	-5	
-4	2	-4	0	0	1	-3	-1	
0	1	2	2	-2	-1	3	-2	
5	0	-1	1	-1	1	3	2	
-1	-7	-5	-8	-1	0	2	0	
-1	-2	1	-2	1	1	0	0	
-3	0	-2	-2	-2	0	6	-1	
0	0	2	2	-1	-3	-7	-1	
1	2	0	0	-1	-2	-4	1	
12	-1	-7	-1	-2	-2	-1	9	
-5	-1	-4	1	1	0	1	0	
-2	11	5	2	-1	0	2	0	
1	6	1	2	2	-2	2	-2	
-10	13	2	4	2	1	-2	-23	
-19	-7	0	-1	-2	-2	-16	-11	
0	-5	14	4	3	1	4	1	
3	6	-9	-1	0	1	1	1	
3	6	3	-1	-4	-3	7	4	
9	-30	-11	-4	3	3	-15	4	
23	11	3	1	1	4	32	2	
-29	-25	5	0	-4	-14	-29	-10	
-8	-2	17	3	-5	10	10	2	
-9	56	-17	-6	-1	-9	-16	-14	
6	3	-16	-8	-5	0	-18	4	
11	10	12	7	6	0	21	12	
-1	-29	2	-7	3	-7	-2	-7	
26	-7	-63	-2	-6	2	9	-6	
-4	-42	19	2	2	3	7	2	
-22	80	6	-6	-6	-63	-30	-21	
-47	18	13	2	-4	0	10	4	
37	-11	66	24	10	3	5	61	
23	44	-49	-20	-1	94	91	-28	
-51	17	-6	0	-4	-58	-76	-17	
42	23	5	7	7	-17	16	28	
0	-75	34	5	-7	-128	-41	-27	
-85	-73	-60	-24	-21	-128	-83	4	
27	-30	60	1	10	126	108	-5	
-6	98	-43	-4	2	-9	-104	-21	
20	-16	-7	10	-3	-34	-37	11	
33	11	31	10	4	-43	-2	35	
-22	42	16	-26	3	-37	60	-6	
-1	-20	21	-5	-7	-95	-83	74	
38	-13	54	14	11	55	99	-24	
-36	-21	-20	4	2	27	6	6	
96	42	-41	2	-21	-81	-83	111	
-83	-32	5	3	22	112	127	-68	
-19	51	12	-16	-11	-66	35	29	
-6	-64	-62	-9	-15	112	-29	-27	
34	57	-24	1	5	-91	-75	-63	
18	-24	36	0	-7	65	-128	-14	
-59	25	4	-20	-27	-103	74	-2	
87	-13	-18	5	28	98	107	-56	
-19	-71	18	24	15	-53	-65	-44	
36	30	19	-10	-16	63	48	-57	
-38	24	-86	-8	2	-67	-21	-48	
-33	-45	47	-15	-22	67	56	-18	
41	-110	-34	4	10	-98	-94	-57	
-14	46	36	25	29	68	118	30	
9	-14	9	-7	-18	-22	-44	-71	
4	32	-17	11	4	-31	-53	28	
-51	-87	-3	-3	-9	41	-98	39	
18	1	-88	-33	-38	-112	127	-41	
23	0	6	5	30	127	-128	80	
-32	-25	-43	6	-7	-128	-128	50	
-71	26	88	-8	-15	108	106	17	
79	-11	-106	10	22	11	2	-14	
-26	-32	-8	4	1	-82	-47	1	
-11	49	47	-20	-36	96	-72	59	
-78	-64	-22	-18	-33	-71	55	23	
45	-9	24	10	28	-85	-76	9	
28	15	-6	9	23	22	-80	-11	
-35	41	119	40	31	-70	-115	12	
91	49	-78	17	20	67	102	-58	
-36	-115	32	-26	-24	-51	-128	1	
-49	-35	-72	-23	-19	2	-58	-30	
47	54	84	2	4	-53	61	38	
42	123	48	16	6	-24	-19	125	
30	-93	24	11	-16	-20	-109	-58	
36	82	47	15	65	127	123	105	
-84	-70	-65	-17	-14	-128	-120	-128	
22	57	-27	-3	-9	-40	37	-59	
-19	-64	-24	-19	-9	41	34	35	
-22	43	25	6	-33	-128	-128	-59	
33	27	58	8	41	127	127	39	
-28	-29	-26	-8	-6	-44	-90	-39	
22	61	5	-5	-13	-78	-128	43	
-83	-91	-44	-18	-12	-4	-50	-78	
3	59	5	9	6	-119	-67	-40	
11	-50	46	11	17	87	-29	-31	
16	70	116	27	20	-74	-41	-19	
56	-88	-42	-1	0	-23	-66	6	
49	6	6	-15	-5	42	61	-42	
-26	-3	24	15	17	16	-56	-53	
-24	54	-17	3	-18	-72	-39	-59	
-20	-87	-24	-16	17	124	127	-3	
31	52	-2	-2	-2	-114	-128	-19	
-38	-82	6	-9	-25	-28	-14	-70	
-6	-66	5	7	30	117	25	28	
13	89	40	-5	-40	-121	-104	-70	
30	11	-90	-41	-22	-1	-10	-47	
-72	-26	-10	0	-10	72	25	48	
-56	124	-5	29	40	-117	-117	-16	
63	-30	74	20	19	36	127	-17	
38	-42	0	14	7	-13	-48	20	
25	-21	-101	-24	-11	-92	-105	117	
-30	-3	44	-14	-25	55	103	20	
-2	89	-72	-13	-14	113	69	67	
-12	-13	54	10	-11	-113	-97	-21	
9	-18	-15	8	11	-122	92	-83	
-14	-63	-22	-26	1	127	32	-25	
0	20	-18	1	-12	-128	-69	-17	
-16	-88	5	6	9	-88	70	85	
6	95	29	-8	9	127	60	49	
5	20	-35	-2	-23	-49	-47	-7	
44	43	76	18	32	50	53	76	
-11	61	-46	7	2	63	2	43	
-5	-107	45	-9	9	-71	-94	-53	
17	3	-29	12	-2	-47	-37	13	
31	17	9	-3	7	60	-95	15	
-1	76	3	15	-5	-62	-52	127	
15	66	67	10	24	72	58	8	
-33	-24	44	-11	-12	88	87	60	
20	33	49	-7	-19	-82	29	50	
1	-48	62	-8	-5	32	6	-30	
-5	-62	-79	-39	-40	-108	-59	-41	
28	-13	33	6	16	12	5	66	
-23	-25	37	9	18	14	81	30	
-9	15	43	11	6	114	-63	1	
0	-17	-88	-13	-10	-41	-39	-19	
10	-65	-45	5	-2	19	-10	40	
-12	39	4	-22	-28	-10	27	-11	
-35	-6	24	20	-5	-76	-28	-29	
70	58	57	53	78	85	43	30	
-26	-72	-100	-22	9	-99	-11	-96	
30	8	30	16	2	64	-35	-1	
-18	43	-35	-20	-28	-49	20	-14	
-32	14	18	-5	-33	-56	-102	-15	
39	0	22	-9	7	59	127	84	
-56	-49	-28	0	-1	-128	-128	-20	
-11	-28	-65	0	7	-33	-16	-58	
7	40	84	19	8	-84	-128	-34	
84	-5	12	3	2	16	6	-58	
5	49	2	-10	-18	-45	-28	32	
48	-41	-32	-3	23	127	127	105	
-38	84	-14	2	-7	-81	10	-64	
-111	-28	-89	-45	-52	-86	-78	-19	
33	57	80	14	31	44	6	36	
-106	45	127	20	-7	-88	-73	-17	
14	-73	-17	-6	-3	94	81	79	
31	86	-28	10	0	-126	-128	-34	
17	-66	-128	-11	8	55	68	-49	
-33	39	22	2	-7	-76	-101	-28	
-2	-57	-12	-11	-7	74	29	85	
-24	-11	67	8	-9	-121	-22	47	
-13	-9	-34	13	12	56	9	-30	
25	-59	-62	-40	-21	-38	68	-20	
-6	-90	-8	-20	-27	17	-84	22	
18	75	98	20	2	-44	127	42	
-43	60	-91	11	42	97	31	-61	
-24	27	63	14	-5	-35	-62	-71	
-3	-43	-85	-26	-24	-84	-48	-9	
-12	53	40	2	22	89	-128	18	
74	5	95	33	22	58	80	58	
-65	-75	18	24	35	57	-16	-36	
-21	15	24	16	-4	-87	-119	-54	
34	57	-56	-16	-25	72	103	-4	
-38	-70	4	-42	-66	-97	-123	-119	
59	23	-33	-17	2	40	-16	28	
14	-6	26	-9	-7	46	116	57	
-43	-58	-27	-6	-23	-82	-71	-128	
-24	-7	-19	-4	11	4	50	-6	
38	50	-20	-10	-13	-103	-97	94	
-27	12	52	0	-1	127	127	96	
60	8	-78	16	5	12	-34	-94	
-19	-70	18	15	50	-101	-124	14	
-35	0	17	5	0	-9	-81	-70	
21	127	-21	11	4	25	59	21	
-6	-102	43	-5	-15	-60	-31	0	
24	-26	-80	-17	-26	73	8	20	
125	21	6	-2	7	73	127	84	
-61	7	60	17	14	9	47	30	
-43	-3	54	-1	-9	-70	-56	54	
7	-53	-43	-7	-18	-128	-113	42	
11	9	0	1	19	94	96	-21	
52	-72	-68	-18	-6	-26	-19	1	
46	56	-8	13	40	111	127	-22	
-49	43	70	12	-6	-118	-67	-64	
-11	-74	21	-17	-28	58	-49	56	
37	-99	-68	1	-11	-128	-128	-48	
-41	44	35	16	28	-19	-46	33	
18	-55	-23	-26	-33	55	105	70	
-30	121	5	1	6	28	77	-53	
11	-66	-19	0	14	47	-66	-41	
-30	-53	-9	4	-5	-74	-128	-21	
1	46	38	-2	-7	-49	79	44	
-3	-77	-7	-7	-11	54	-103	-28	
-28	76	15	6	21	94	126	10	
12	14	-66	-22	-16	-29	20	18	
-51	-41	40	1	-11	-109	-121	10	
46	15	-19	-7	21	48	127	-62	
8	-12	6	5	0	-128	-128	-47	
-20	-24	29	-6	2	127	127	-5	
-18	7	-7	0	10	-42	-100	-35	
-2	-97	-44	0	-14	-109	-104	13	
4	112	77	20	20	46	23	-83	
-29	14	-25	8	10	-22	26	-45	
16	73	12	-4	-4	74	14	31	
26	-86	-48	-5	-11	-99	-105	17	
-29	55	38	6	-2	24	11	-24	
17	-8	17	-12	-12	-11	51	90	
-54	-24	-5	-3	-8	70	-83	-59	
-42	40	14	10	-5	-110	-46	-109	
39	-28	-62	-8	14	92	92	-58	
-10	-72	0	-8	-25	-123	-128	-27	
30	41	39	-8	-1	127	127	11	
-11	64	-35	1	5	-89	-87	20	
-5	-39	58	24	31	-7	-93	3	
7	-72	-48	0	12	65	55	49	
-9	71	7	1	9	-15	-77	-71	
28	8	-15	-3	-19	35	127	71	
-14	-81	8	-35	-44	-99	-49	22	
8	17	25	7	3	-14	-61	-21	
14	-70	-74	-13	-21	-48	82	31	
3	-44	-12	-22	7	122	98	-79	
-7	85	30	5	-5	4	113	46	
-35	-9	12	-2	5	-3	-81	-6	
-8	-37	-6	-1	-7	-68	-87	1	
2	33	29	18	15	-27	-80	25	
31	-37	-18	-3	-2	18	7	24	
13	40	3	-4	-2	-21	-30	-12	
-7	17	17	9	8	27	37	-4	
-1	-63	-13	0	-2	-20	25	18	
-11	62	9	-4	-2	8	-46	0	
16	19	-7	-1	-1	-25	32	-4	
6	-15	3	4	-2	-70	-53	-36	
43	-50	-6	-1	11	127	119	56	
8	-30	-30	-6	0	-22	-37	-23	
11	99	23	3	-1	-43	-36	-7	
3	-33	-2	3	1	15	18	6	
-18	25	-1	-2	-7	-40	-58	-10	
-15	-2	-3	-5	-3	-1	-2	5	
10	9	8	2	4	12	22	21	
9	16	8	0	-4	4	-18	8	
-12	15	-5	0	-2	-7	6	0	
4	9	-2	-1	-2	-7	-10	27	
-4	-32	1	6	0	2	-7	-1	
-2	2	-4	-4	-6	8	15	16	
-15	9	13	23	5	-15	-15	-2	
7	-5	-13	-6	3	-6	-3	7	
-4	-6	-9	-23	0	-3	-3	0	
1	-7	-14	-35	-2	-2	13	5	
-10	13	0	-7	-8	-15	3	9	
2	7	17	19	-4	-8	-21	2	
2	-15	2	14	-2	6	7	0	
-15	-3	-5	4	3	-4	1	10	
-1	-4	-2	-4	3	-11	-13	-3	
2	2	-7	-2	-5	-3	-1	7	
0	-3	7	11	3	4	0	-1	
3	3	17	7	0	6	3	3	
-13	2	-13	-1	1	1	-10	-5	
6	-4	-13	-13	-4	6	1	1	
-1	-1	-4	2	2	9	6	5	
-2	10	12	8	5	9	-5	1	
-2	9	6	5	3	7	5	0	
2	5	2	0	-2	0	-8	4	
0	-5	7	-9	-3	-1	7	3	
-1	-5	-5	-2	-9	-5	-15	1	
-6	4	-16	-1	0	-7	-9	-1	
2	2	11	-4	-1	0	2	2	
-2	-2	-26	1	1	4	-2	-3	
3	-3	13	4	0	-3	7	1	
-2	0	12	0	-1	-8	-3	0	
-5	5	16	0	-2	-1	-6	-1	
-6	-5	-7	1	1	-2	-1	1	
-4	-4	-16	0	2	2	4	1	
-2	-3	-9	-4	0	-2	-6	-2	
3	0	-11	-3	0	-1	3	3	
-4	-6	31	3	-2	0	0	-1	
-2	-3	-25	2	-1	0	3	0	
-3	-3	-6	-4	0	0	1	-1	
2	-7	-33	-5	-2	-7	0	8	
4	-11	-20	-3	0	-1	2	5	
4	0	8	-2	-1	3	-1	2	
-1	5	15	-2	-1	-4	-1	1	
4	1	4	3	1	-2	3	3	
6	-13	4	-4	-2	0	-9	-7	
-5	18	14	3	0	2	2	-2	
-1	-1	10	0	-2	-1	1	4	
1	-3	-19	-5	-3	-1	0	1	
1	10	0	-2	0	0	-1	-1	
2	-5	11	5	0	-9	-8	1	
-3	-4	-24	-3	-1	4	6	-4	
1	1	16	1	-1	3	1	-2	
3	7	6	0	-2	0	4	-1	
1	-6	-11	-1	-1	0	-1	-4	
-2	-2	10	0	0	-7	-6	-2	
1	3	10	-1	1	0	1	3	
-3	-11	-26	0	1	7	-1	-1	
1	-6	21	-2	-2	1	2	6	
1	4	13	-3	-2	-3	-1	-17	
5	-11	-44	-4	-4	-6	-11	-16	
-5	7	12	2	1	-1	1	3	
3	7	9	2	1	5	10	2	
-9	-1	-8	-5	-2	-1	-2	1	
-2	4	11	-1	-1	0	1	0	
12	6	10	4	1	-2	-6	-5	
-19	-2	-23	-4	-1	0	0	-2	
-5	-9	10	0	-2	-1	1	4	
1	0	9	2	1	-2	-4	-1	
1	6	-13	-3	-3	1	-1	3	
6	-7	6	0	0	0	1	1	
4	0	-8	0	-1	-1	-2	0	
-7	2	7	2	2	0	1	-3	
-7	1	-10	-5	-3	-8	-11	-5	
5	-3	0	-1	-1	6	6	2	
0	6	6	1	-1	5	3	-4	
-2	-12	-17	0	0	-1	-1	0	
-4	-10	8	-1	0	-1	4	0	
8	12	-5	-3	-2	-5	-4	-2	
-5	-6	-6	1	1	-1	-1	3	
-4	7	16	4	0	-1	2	1	
-5	-2	-5	-3	-3	0	-3	-6	
1	-7	4	-1	0	4	-6	-3	
8	4	-1	1	-1	0	10	5	
-7	-3	-17	-3	0	-3	-5	-2	
5	2	8	-4	-3	-3	1	0	
-3	-4	-8	0	1	0	-4	-3	
0	-5	7	0	1	-2	-3	2	
0	7	4	-1	0	0	1	0	
-4	-8	-3	0	1	-1	2	-1	
1	5	5	2	0	-1	0	-2	
-1	3	-6	-1	-1	-3	-4	-1	
2	-6	1	-1	-1	-1	1	0	
0	3	-2	0	0	1	2	0	
-2	-2	-1	-2	-1	-1	-1	-2	
-1	-2	-5	1	0	-2	-2	0	
4	-4	3	-3	-3	0	-1	1	
-4	5	4	0	1	1	3	-1	
-3	-2	-8	-2	-1	-3	1	-1	
0	3	-4	-1	0	-1	-3	1	
3	-6	6	-2	0	1	-1	1	
-7	-1	-4	1	-2	0	1	-2	
-7	0	-6	-1	-1	0	0	0	
5	0	-2	-2	-3	0	-1	-2	
-3	-1	11	0	-1	-1	0	-2	
2	1	-10	-4	-1	1	0	2	
-2	8	-1	-1	-1	0	-1	0	
2	-1	-3	0	1	-1	0	-7	
-1	6	-1	-3	-1	-8	-9	-1	
