1	1	6	0	-2	-3	-2	1	
-1	-12	3	-1	-1	-1	0	0	
-2	2	-2	-1	-1	0	-1	-2	
1	-6	-1	-1	0	-1	-2	1	
3	1	-3	-1	0	-1	-1	-1	
-1	3	-1	0	0	0	0	-2	
-1	-4	1	-1	0	1	-1	-1	
2	3	1	-2	-1	-1	-1	0	
-5	-13	1	1	-1	-1	-1	-2	
-2	-4	-6	0	-1	1	1	0	
0	0	-4	-1	0	-1	-1	-1	
0	0	0	-2	-2	-3	-3	-2	
0	6	-4	0	0	2	-3	1	
1	-3	6	0	0	-2	-1	0	
-1	2	1	0	-1	0	2	2	
-1	0	-3	1	0	-1	-2	0	
2	10	5	1	-2	-3	-2	0	
-3	-9	2	-2	-1	-2	3	-1	
-9	-7	-9	-2	0	-1	4	1	
-3	14	-4	-1	0	-1	-11	-2	
-3	-8	2	-1	-1	-2	4	-1	
2	4	-1	1	-2	-2	-7	-2	
7	2	-1	-1	2	1	1	1	
0	-16	2	0	0	1	5	3	
-14	3	-3	-2	-2	1	2	-4	
1	4	9	1	0	1	3	1	
1	4	-3	-1	-2	-2	-5	-2	
-2	-7	-4	-2	-2	-1	-1	-1	
8	-13	-3	-2	-1	-1	-2	1	
8	3	-2	0	1	2	1	0	
-5	-6	0	4	-1	1	6	0	
3	9	4	-6	-1	-2	-14	-1	
0	1	-5	-2	-3	-2	9	-1	
-8	-5	1	-2	0	-2	-4	-2	
3	9	8	0	-1	-2	-1	-4	
-4	-19	-9	2	-2	-4	-13	-2	
16	16	1	-2	-2	2	-5	0	
-9	-10	-6	-1	0	2	4	1	
-6	8	-2	-2	-1	-2	3	2	
-1	2	6	3	-1	-1	12	-1	
-11	-4	3	0	-1	-3	-9	-2	
14	3	-6	-1	0	0	1	-19	
-7	-11	-4	-6	-4	-1	-2	-22	
1	-1	0	2	2	-1	7	-8	
3	-9	-9	-1	0	-8	-23	36	
-13	13	9	-2	-3	-10	-12	-46	
8	-4	12	2	-2	-26	-44	10	
12	12	5	5	-1	29	57	-14	
-11	-8	0	0	3	8	12	0	
-9	16	-9	-4	-3	12	41	3	
-1	-35	-26	-7	-3	-6	-14	-7	
-27	-18	-5	-7	-6	-4	-44	-27	
-15	24	5	3	1	-2	-2	-10	
19	-19	8	2	3	-14	-2	37	
25	48	30	7	1	-34	-11	-13	
40	26	-15	7	4	-4	-53	19	
-87	-39	-3	-13	-11	31	40	-8	
-3	-25	-31	-6	1	96	86	25	
-17	19	-13	1	1	-82	-63	-7	
9	-45	-30	-10	-3	7	7	-59	
118	123	1	8	6	-75	-3	61	
-57	-68	25	6	3	87	77	16	
-27	2	-29	-1	5	66	-58	41	
23	43	70	6	-9	-97	-19	59	
27	-97	-80	0	-5	-20	-42	8	
-77	63	-70	-28	-7	-14	64	-18	
76	-67	37	6	-7	-70	-39	49	
-78	37	-8	-10	-5	107	-23	-22	
-73	-14	53	0	-4	105	107	-14	
96	-34	48	13	6	-34	-60	25	
0	5	-76	-7	4	-22	109	-5	
42	28	-12	-5	-19	-128	11	51	
13	-8	5	10	24	-42	-128	-52	
16	49	39	5	5	4	1	73	
-20	-41	-3	-16	-25	86	87	-58	
50	45	39	22	4	-85	-53	120	
-27	-6	-24	-5	-21	7	54	-92	
-35	24	31	15	43	-76	-102	-99	
78	28	32	18	26	114	118	-72	
-28	-1	13	-13	-9	-3	36	-35	
1	8	1	11	-19	-69	-77	-28	
-33	-50	-83	-34	-16	-120	-12	36	
-26	5	-12	-13	-24	-128	-121	-59	
25	-4	-49	-8	0	127	127	81	
24	41	60	7	-3	-63	-33	-78	
16	22	21	16	4	-48	-6	51	
-34	-17	13	-7	11	58	-47	33	
2	-5	46	3	17	35	49	-69	
-8	-10	-22	-8	-13	-67	49	63	
83	37	22	19	9	-1	103	-22	
-61	19	7	-6	10	74	-44	127	
-106	-98	-48	-11	-13	-61	-36	-57	
54	4	-38	-34	-26	-28	-18	-3	
-10	-59	-3	-3	-16	-72	-9	-19	
39	97	28	40	89	25	46	-64	
34	12	22	34	42	122	104	15	
-20	-58	-20	-38	7	-51	-87	-23	
15	56	22	44	-31	-60	29	29	
38	12	57	-9	-33	52	12	26	
-28	-43	-22	-3	2	-81	-109	-20	
-29	38	16	-22	-10	117	127	26	
40	-13	-57	-23	-17	-40	-128	7	
-21	12	37	-3	-15	76	76	-38	
2	-10	9	-4	-6	-21	-101	31	
11	-9	56	12	5	-53	9	-24	
-27	-21	-38	-25	-20	73	-74	-21	
-81	-52	-50	-1	-2	15	91	29	
26	41	9	-8	-47	-89	-11	-73	
87	8	45	5	8	92	-29	-37	
-76	-34	-28	-1	50	11	-52	-8	
17	-3	-34	13	25	-68	32	-8	
63	4	-12	49	88	38	9	0	
-58	-22	-10	18	-25	-115	-59	121	
7	27	11	-20	-34	116	89	-79	
-10	-10	3	-36	-58	5	-60	-69	
1	-38	38	-28	-30	-94	31	80	
-22	36	11	14	3	4	-16	35	
12	-11	6	-17	8	114	101	45	
-13	6	-24	-1	-28	-114	-18	-7	
16	3	-20	-2	24	24	-13	-45	
-8	0	4	11	15	-74	-99	42	
-8	-28	-3	-10	-31	-15	35	-45	
2	8	-29	-22	-9	-118	-73	24	
20	-7	-11	20	24	84	74	15	
-20	-9	5	18	42	44	65	-40	
-26	-27	-20	26	25	-82	-61	-18	
41	55	52	33	14	-99	-114	113	
-19	34	-6	-23	-17	33	17	64	
-23	-34	-27	-23	-20	42	0	4	
21	-52	11	-12	-13	19	5	70	
-27	-22	-22	-20	-25	-77	-63	-128	
-10	0	-27	-31	-33	63	70	-2	
25	13	-20	7	16	-38	28	-1	
-17	29	29	8	1	-51	-128	-49	
3	-44	-10	-9	4	123	127	89	
7	17	4	-6	-34	-107	-116	-106	
-53	-24	-20	-8	29	95	39	-12	
46	0	3	-4	-22	-33	-89	-13	
-32	5	14	9	18	-52	-7	-5	
7	-23	-20	35	56	64	46	19	
-37	6	-8	-4	-4	-71	-79	81	
5	-7	31	15	10	65	82	-4	
10	-24	-1	-15	-23	13	89	31	
17	0	-27	-23	-48	-95	-16	52	
21	-7	13	-8	-5	27	-53	-11	
25	32	21	0	2	-4	32	39	
4	26	-2	6	-22	-45	-19	48	
-22	-59	-20	-13	4	57	65	-27	
25	38	-8	12	1	-63	-82	-53	
-9	-3	-2	3	-15	-58	-44	16	
33	21	-7	11	42	122	73	21	
-18	9	16	4	0	-17	-128	42	
1	-25	-6	8	-14	-24	70	1	
-18	0	-10	1	2	-53	-91	-118	
6	6	26	7	18	21	30	-32	
0	10	5	1	5	-12	-81	-62	
-59	22	7	-9	-18	17	-24	-48	
-8	5	6	-7	-6	-12	-44	31	
15	8	-8	-5	-28	-31	4	-11	
4	24	11	-7	9	-15	21	-51	
69	9	14	3	14	-35	-26	-18	
-19	-20	-29	2	-23	41	88	89	
-31	-23	29	15	63	10	-127	-57	
-13	11	-1	7	24	51	99	3	
33	16	21	14	4	-67	-18	26	
-19	45	5	7	31	75	59	78	
-45	-66	-79	-13	-35	-10	13	45	
17	-4	16	-2	-37	-88	-31	-61	
-17	-3	-13	-10	23	127	51	-22	
49	12	29	8	7	48	72	-58	
29	-47	-16	-6	-7	5	17	60	
-60	38	10	3	2	-29	-99	89	
-21	-70	-13	-2	-9	34	67	-43	
19	26	16	-10	-18	-62	-55	-38	
17	27	7	4	-1	1	-45	-10	
2	-11	-27	1	8	-41	-21	63	
13	28	34	5	10	33	9	53	
2	26	15	3	-17	-30	5	18	
-35	-47	-62	-16	11	23	54	-46	
-1	7	35	13	3	33	21	-3	
9	-32	-2	13	11	-69	-18	0	
-11	48	8	-6	18	42	-2	0	
35	60	50	6	-18	26	-7	37	
8	-57	-30	-15	-15	-32	8	-29	
-43	-10	-33	-9	-8	101	37	-31	
-16	-40	-23	-11	-5	-119	-59	-3	
25	12	19	-5	-16	30	-25	29	
-15	25	24	1	-3	6	39	-41	
7	-3	-6	-11	-24	-65	-125	4	
44	7	-40	3	27	64	127	71	
-14	-29	-13	10	21	-34	-91	-37	
-18	9	32	16	5	-29	-15	-34	
38	51	33	9	24	10	59	3	
6	-22	-29	-16	5	61	-1	5	
17	-36	-8	13	0	-31	-33	-74	
-39	31	-3	-4	-6	1	17	62	
-6	-11	3	4	-24	-19	5	6	
28	25	29	-12	-4	-15	-37	29	
-23	-8	12	-4	-2	-58	-21	-62	
24	-52	-44	-12	-4	81	93	62	
-10	30	4	-9	-28	-36	-50	8	
12	-17	-8	4	18	11	31	25	
-20	40	14	-1	9	15	-25	-25	
-16	0	-1	-3	-28	-11	-90	-3	
10	-2	-14	-8	-16	11	48	28	
-13	-4	8	35	66	-17	-9	-56	
10	11	11	2	21	-3	-2	-21	
-22	-45	-29	10	12	-25	15	31	
-2	-2	-13	-14	-21	16	11	-27	
-23	1	5	-13	-50	-22	-71	-3	
-12	21	12	-16	-19	-8	-18	18	
19	-19	-7	-10	17	15	-4	-18	
14	5	-13	-6	-8	15	17	-54	
-31	3	8	0	-8	-14	3	-14	
1	-15	10	2	-3	-48	-50	25	
5	6	-4	0	3	24	22	29	
5	-41	-33	1	11	38	120	24	
-13	5	3	-18	-12	20	-56	-56	
12	32	20	32	22	-14	-43	59	
-1	13	17	8	1	-35	-24	-33	
-4	-19	-6	12	25	-12	1	36	
-18	-27	-25	-13	-22	-1	-8	-113	
11	-8	-14	-25	-26	1	46	68	
-16	19	10	-9	3	-24	-67	-111	
10	17	20	11	13	51	56	36	
6	12	3	-10	-26	-99	-91	65	
-21	-31	-29	-14	-17	80	125	-44	
14	11	5	-5	-1	-23	-62	-15	
-17	-2	2	4	21	21	-9	-61	
8	-3	-2	10	7	-13	-50	43	
12	19	12	1	-16	10	7	-15	
-3	5	12	-3	12	-21	-56	80	
-10	-10	-11	-10	-17	-6	25	-20	
-31	-7	-5	15	16	-26	40	-2	
-13	-19	-9	7	21	56	34	24	
39	18	28	7	-2	-3	38	24	
-35	-6	-13	-8	-18	-22	-107	15	
-2	3	6	-3	-1	-31	-61	-60	
12	40	31	-8	-18	-15	38	32	
3	-10	-27	-8	4	66	72	-83	
22	-21	-10	4	7	-6	-24	41	
-17	-8	-11	-7	-26	-4	27	54	
-18	-35	-28	-6	4	-44	-101	-69	
2	-6	6	1	18	27	63	32	
18	6	9	33	47	-21	-7	24	
18	18	15	-13	-26	38	24	-17	
-37	-1	-6	12	-3	-37	-21	29	
12	-22	-19	-22	-11	-6	-21	-45	
9	11	-8	-9	-22	-9	-4	-15	
9	-3	12	25	66	7	40	60	
27	21	9	-4	-14	62	29	80	
-7	-17	-5	3	-9	-24	1	1	
-16	9	29	-11	-15	-2	-15	-67	
22	24	1	-8	-19	-32	-24	64	
-17	-3	-20	-3	-9	-76	-79	-35	
-1	29	21	3	6	59	78	32	
14	-11	-16	-5	-10	18	-7	60	
10	-3	23	9	10	16	20	-22	
-1	-24	-5	9	31	6	-22	-33	
-13	-7	-16	10	-32	-90	-107	-19	
-2	18	11	-11	17	19	84	-16	
4	16	4	18	12	19	-7	-54	
1	-31	-12	-3	-4	2	39	8	
-7	15	-2	-3	-8	9	-60	-7	
-25	20	11	-7	-14	-6	41	8	
-8	-18	-16	-14	-13	-18	-19	-39	
16	16	7	0	4	-26	-33	-2	
-4	-16	-5	-8	-18	76	4	-11	
3	4	1	3	3	-60	-55	27	
-4	-31	-12	-5	21	60	97	4	
4	-11	-2	8	-3	-39	30	25	
-31	-6	-9	-8	-2	-1	-10	-22	
7	-7	21	-1	-13	-13	-68	-2	
-26	-10	-8	19	17	-10	19	38	
61	-24	-4	-14	-1	72	89	19	
17	23	18	13	21	-51	-31	24	
-4	-46	-53	-11	-14	38	4	7	
12	4	12	-18	-19	-27	-14	15	
-10	12	12	-2	-9	-39	-29	-20	
-8	2	11	3	1	33	-4	-26	
12	13	14	3	3	-15	7	14	
-5	-10	-8	1	0	-13	-69	-15	
-23	16	-2	-5	-22	-69	-24	-16	
12	-7	-1	-9	-11	8	69	-30	
-1	12	-5	13	67	57	-7	18	
-6	3	10	15	-4	17	12	-26	
-28	-31	-29	-3	1	-18	-127	-49	
20	22	9	0	-10	-5	44	33	
-5	-13	-5	-7	-17	19	58	-38	
13	22	8	-4	5	-5	-7	4	
1	21	20	0	-1	-29	37	-7	
-27	-52	-40	-3	-5	0	-38	-83	
22	10	-1	-1	-6	-74	-3	40	
-15	19	-10	-10	-3	46	-20	-45	
0	18	19	5	6	31	12	-25	
9	-16	-7	-3	-2	-42	48	23	
4	20	7	0	-7	-3	-66	-20	
-20	-25	-8	-2	-4	-25	-5	18	
10	-8	-3	-1	-3	-22	7	-11	
-11	32	6	3	-9	-94	-76	21	
9	-12	-7	8	37	89	61	-75	
-7	-19	-6	-3	3	-86	3	-4	
6	16	1	6	-5	-46	0	14	
8	-13	-1	6	31	36	59	18	
-46	8	-2	-10	-43	-127	-113	44	
2	-8	-3	1	3	127	16	-116	
3	43	7	-7	-3	-63	-1	-13	
-12	-7	-1	-2	-5	59	3	5	
17	6	2	1	-6	-25	-10	16	
0	-11	-12	-8	-3	-14	24	15	
-8	-23	-12	0	1	39	24	50	
-1	-9	-8	-5	-3	-16	-35	-48	
-7	-6	2	2	4	33	9	-2	
9	23	7	4	-5	-42	-3	16	
2	-1	0	-1	10	64	-10	-25	
-7	6	3	-3	-4	-46	-20	66	
6	11	-1	2	6	38	40	-68	
7	40	4	-2	-8	-10	-6	10	
-10	-27	-3	-1	6	5	19	18	
3	-19	-8	-2	1	-9	-31	-14	
3	-5	-4	-5	-7	13	-15	-5	
2	3	8	4	-3	-34	23	77	
-15	3	-2	2	14	73	-23	-34	
15	3	3	1	-2	-4	28	6	
-3	4	-2	3	-1	-13	10	18	
1	-12	0	-5	-2	5	-7	-7	
-1	-5	1	2	0	-2	6	4	
4	-11	0	0	-2	2	-3	3	
-2	16	4	1	0	14	3	10	
4	-3	-4	-2	-2	9	-7	-17	
-12	-9	5	0	-1	-4	5	-7	
-2	17	0	0	2	20	1	1	
6	-4	3	2	-3	-16	-7	0	
27	-20	-10	-3	-3	-31	-3	-5	
-8	-5	-2	-1	2	30	28	5	
-15	8	1	-1	1	22	5	4	
9	-3	-5	1	-3	-24	-10	2	
-3	-14	-10	-1	3	9	2	-1	
15	7	-1	-4	-4	-6	-4	2	
-4	8	5	-2	-2	-16	-9	-4	
-2	-5	2	0	-1	-1	2	0	
-4	-7	-2	-2	-2	10	-3	-3	
0	6	2	0	-1	-1	2	0	
1	3	3	2	-1	-15	-2	2	
-2	-10	-5	-3	-2	-9	-1	-1	
-7	0	2	-2	-2	9	-1	-2	
-1	-2	0	-2	-2	7	3	1	
4	3	2	0	0	7	-3	-1	
2	-6	-3	-3	-2	6	-3	4	
-11	-4	-1	-2	-2	12	0	-2	
4	2	1	4	-2	-1	0	0	
1	-3	-6	-3	1	3	-4	0	
-1	-3	-2	-3	-1	-8	-1	-2	
-6	-6	-4	0	0	-6	0	-2	
4	-1	-2	-2	-1	-6	0	-1	
2	3	3	7	1	-3	-2	-2	
-2	-2	4	0	-4	-13	0	1	
-4	-8	-8	-9	2	-5	2	0	
1	-2	-11	-1	1	-3	0	0	
-3	-2	3	-1	-3	-4	-3	-1	
-1	3	1	3	0	-5	-1	-2	
3	8	29	3	-1	2	-4	0	
-4	-22	-24	-6	0	-2	-2	-1	
-3	-3	2	-3	-1	-2	-2	-1	
0	-2	-11	-1	-1	-1	1	-1	
-1	5	14	4	0	3	1	-1	
4	-1	23	3	1	0	0	1	
-2	3	2	-1	-1	0	-2	-2	
1	15	-13	1	0	2	-1	0	
-10	-60	-41	-10	-1	-5	-1	-1	
0	31	35	2	0	-3	0	1	
7	-1	-44	-6	-2	-6	0	1	
5	8	50	5	2	1	0	-2	
-9	-13	-27	-1	-2	0	0	-2	
-1	-6	-102	-8	-3	-1	-3	-3	
-16	-44	31	-5	-4	-2	-3	-3	
7	27	17	0	-1	2	0	2	
3	0	-26	-2	-4	-3	-1	1	
-5	-23	49	3	-2	0	-2	-4	
12	72	59	9	6	8	3	3	
-14	-89	-30	-3	-4	-7	-2	-4	
5	38	-49	-7	-3	0	-2	-1	
1	-19	5	2	2	2	2	2	
3	25	-15	-3	-1	-3	-2	-2	
1	18	18	2	-1	2	-1	0	
-2	-13	-16	2	1	0	-1	1	
0	16	-7	-2	-1	-2	-2	1	
-1	2	18	1	0	0	-1	-2	
5	-5	-1	0	2	2	2	-1	
-22	-10	-11	2	-1	-5	-3	-6	
2	10	1	-5	-1	1	-1	-2	
-4	-27	-24	0	-2	-2	-1	-1	
3	22	-26	-6	-1	-2	-2	0	
8	21	3	0	0	1	0	-1	
-2	-25	47	1	0	-3	0	1	
2	-39	9	1	2	0	0	0	
-15	17	-75	-7	-1	-4	-1	-3	
2	25	50	5	1	3	0	-2	
0	25	8	2	-1	0	-1	-2	
2	-45	-46	-7	0	2	0	1	
