0	-1	-2	-3	-2	3	-2	0	
-1	-2	-4	-3	-1	9	1	-2	
-1	-2	1	1	-4	-5	-1	0	
-2	1	-1	-3	-3	0	-4	0	
0	-1	-1	-2	1	-3	-2	1	
0	-1	-1	0	1	-4	-1	-1	
1	0	0	-2	-5	-2	-1	1	
-2	-1	0	-1	0	2	-1	0	
-1	0	-1	1	2	1	-1	-1	
0	1	0	-3	-2	-3	-1	0	
-1	-1	-1	0	-1	3	-2	-3	
-1	-2	-2	-3	-1	-1	0	0	
-3	0	-2	-2	-5	-3	-1	-2	
-2	0	-2	-1	0	-1	-1	-2	
-2	0	1	0	0	1	-1	-1	
-1	-1	0	-1	-1	-2	0	0	
0	0	-3	-2	-2	-1	2	1	
1	-1	-2	-1	-2	-1	-1	-2	
0	-2	-1	-2	-1	5	0	0	
-2	-2	-1	-4	-3	6	-4	-2	
0	1	1	3	6	2	2	1	
1	2	4	6	-2	-1	-1	0	
-1	0	0	-3	1	-3	-3	0	
-2	-1	-3	-2	-7	-9	-2	-1	
-4	-4	-4	-6	10	-4	-4	-4	
3	3	3	8	-15	10	4	3	
-2	-1	-4	-5	-4	-2	-2	0	
0	0	0	0	-1	-2	1	0	
0	-3	0	-3	8	-6	-1	-3	
0	-3	-1	4	14	-1	3	0	
0	-1	3	2	-4	4	-1	1	
0	-1	-1	-2	-13	-8	-2	0	
-4	-4	-3	-1	1	-1	3	-2	
-3	-1	3	1	15	0	-2	-3	
0	-2	-3	-2	-6	-8	0	-1	
0	-1	-1	-1	2	-1	-2	0	
-1	1	0	0	-15	-4	-4	1	
-6	-3	-6	-3	-6	0	-3	-10	
5	2	2	6	18	0	4	5	
-1	-3	-1	-1	4	-1	-1	-3	
-5	1	0	-3	-2	-7	-1	-2	
6	-1	-4	-8	-4	11	-1	5	
-4	-3	-4	-1	-2	-1	1	0	
-1	-2	-1	0	1	-5	-4	-2	
-1	-1	0	0	-4	12	1	-4	
-5	-1	0	0	-4	-16	-3	-4	
-1	0	-1	2	2	-8	-2	-2	
5	2	0	-1	-5	0	6	8	
-2	0	-1	-4	-4	-7	-7	-1	
-3	-5	-2	0	4	-1	-8	-7	
8	4	2	5	-11	16	29	11	
4	2	3	0	0	17	-1	24	
4	0	-1	-3	4	0	4	18	
-6	-7	-6	-13	-16	-20	-34	-40	
-14	-10	-11	-4	5	-53	-23	7	
-14	-5	-3	-2	-3	1	0	-26	
14	7	6	3	-23	23	12	-11	
1	4	-1	-9	25	20	0	19	
10	2	2	17	8	-4	-13	14	
-8	-3	2	-12	5	-8	29	10	
4	-6	-9	7	4	22	2	16	
-12	-5	8	-11	-29	-93	-37	-66	
4	7	1	-16	-13	52	-89	-15	
7	-1	-4	-15	25	72	100	11	
17	24	33	18	0	76	81	39	
-22	-48	-88	19	-13	-13	-8	52	
25	20	23	-4	21	4	52	25	
-25	-15	-44	-73	10	-32	-73	-123	
56	0	-3	108	41	96	90	92	
9	-22	-8	-98	-17	-71	-73	-75	
17	12	12	121	44	-7	41	-55	
-24	0	42	20	-59	-87	-29	98	
-75	-9	-30	-114	1	-60	-1	-118	
-91	53	30	78	14	122	74	43	
30	-3	3	33	-40	-89	-77	7	
65	39	65	-21	16	111	16	-65	
57	-36	-15	-35	-16	-118	-107	5	
-23	-41	-5	-54	-1	-18	-42	-112	
-23	31	29	-20	-16	-13	35	77	
-25	-25	8	111	25	4	12	117	
5	-13	-56	32	-8	-30	-57	-65	
7	10	-31	-60	13	61	63	121	
3	19	11	2	12	-30	-37	-30	
45	22	61	16	20	64	90	46	
2	-20	-33	-74	-22	25	-11	16	
12	-12	-21	37	-15	-35	28	-82	
-33	8	37	-26	-17	-1	-22	63	
45	-19	5	49	9	-75	-39	21	
-128	-30	-16	-15	-3	6	-45	-78	
111	19	15	4	-14	66	13	-26	
34	14	3	42	-37	-34	52	13	
-83	-9	-32	-74	-24	-53	-67	-83	
-11	55	28	-31	35	20	44	79	
27	-13	-6	90	-28	-30	12	-84	
-31	-56	-14	-72	23	31	24	4	
24	1	-45	-57	23	-17	13	42	
50	17	16	64	-24	-52	23	7	
-19	30	46	-45	5	11	-24	-51	
-60	-22	-12	-8	6	1	2	-83	
-6	7	-23	53	-9	-46	-30	19	
-3	-34	13	-51	-36	-92	-105	-45	
73	10	-1	-11	44	83	72	127	
-14	17	18	51	-34	-22	45	-128	
50	-3	4	-18	-10	-55	-45	15	
-35	-40	-41	24	14	57	21	11	
-24	-19	-49	-77	-33	-50	-111	-31	
-60	13	-17	2	44	-54	38	23	
69	34	61	25	-59	58	30	5	
-24	42	63	37	4	26	47	2	
41	-15	29	-25	31	-9	42	123	
-50	-16	-61	-58	-39	-23	-58	-67	
38	-10	-41	73	49	14	20	-39	
8	4	-14	24	14	-17	34	88	
-45	13	102	51	4	52	-19	-66	
68	6	-11	-76	5	-6	30	104	
-10	-16	-3	-42	-13	31	-13	-98	
-12	-29	-36	9	16	22	70	56	
-28	14	-40	3	-39	-76	-91	-89	
100	31	-16	3	6	78	17	60	
-128	-1	33	-49	44	11	27	24	
96	73	52	75	-16	49	27	49	
44	-26	23	67	5	-35	12	-23	
-48	-67	-65	-78	8	102	-13	-17	
-13	7	-108	-76	-8	-68	-82	-102	
-57	19	17	-11	11	-53	-15	-71	
77	31	115	90	17	25	49	109	
2	-20	1	-34	-18	32	-64	-38	
-53	-58	-78	-11	14	0	61	47	
43	56	-13	-36	-24	5	-13	-73	
-12	59	51	-1	9	-55	25	71	
-10	-48	4	15	-25	-88	-7	10	
-19	3	-21	-91	-23	26	-10	2	
-38	-27	-33	80	-9	-31	-25	35	
14	0	-13	-42	6	-51	8	-16	
6	63	47	42	1	127	19	-6	
-49	-32	-6	3	6	-91	-10	15	
50	-35	-54	-47	-14	-33	-21	-93	
-31	11	9	-41	-8	28	-45	-105	
23	23	0	2	12	0	65	38	
1	-7	55	20	-46	-48	-111	-39	
-46	-52	-7	-38	47	-3	29	-85	
29	-2	-60	48	-11	13	32	127	
-1	-23	-48	-6	2	1	-54	-115	
-16	71	41	-15	3	-9	-4	76	
-16	-29	106	20	18	24	-68	101	
32	-39	-97	-71	-24	48	100	74	
-36	-9	-49	-5	14	-19	-17	-81	
29	9	-6	46	-29	24	7	-94	
-23	45	4	-21	4	-52	-6	73	
-14	-15	54	3	2	-68	-60	-95	
3	6	50	17	27	-63	-77	2	
78	42	-8	63	26	104	108	87	
10	-54	-41	-66	-56	-109	-60	-128	
-75	-16	-71	-59	13	-13	-14	-21	
19	12	33	66	11	-58	-6	-22	
-23	-14	48	-23	-1	-56	-20	-90	
74	32	8	42	27	48	45	127	
-37	-14	-22	-47	-21	106	27	-128	
-57	-28	-43	-65	-24	-73	-97	-81	
111	32	84	94	29	29	114	104	
-14	-22	-15	-24	-18	14	-60	-116	
-43	18	-33	3	1	-93	-8	-46	
-6	32	70	-27	-19	-61	4	57	
34	-31	-29	94	-12	0	2	7	
3	-26	-30	-92	-17	6	-15	25	
-39	2	0	-28	0	43	-52	-56	
-23	-35	-62	65	16	5	51	44	
-4	27	18	-128	-18	60	-6	44	
-11	7	-9	94	12	-5	-14	-58	
76	10	37	35	53	-32	52	115	
-49	-26	1	-20	-34	46	0	52	
-18	3	-8	13	12	21	-10	-84	
36	15	11	8	-3	-23	11	-1	
-70	17	6	-41	-1	55	-60	0	
11	-8	110	90	9	22	-16	-128	
75	-17	-66	37	41	34	89	102	
-16	10	-9	-86	-60	-18	-31	-96	
-12	18	15	42	12	-39	-64	-93	
50	2	-3	11	49	38	127	124	
-25	-14	15	-21	-44	9	-40	-107	
-30	38	5	4	10	-53	-40	20	
39	-43	11	78	13	-13	56	36	
-20	-34	-84	-84	-9	120	12	46	
-45	7	-37	-5	-13	-81	-76	-112	
31	24	82	18	45	9	64	40	
3	13	-10	-11	-45	-86	-17	64	
-19	-8	7	18	-7	-37	-33	-105	
-38	2	16	-107	-4	-5	-9	20	
63	19	30	116	19	93	32	28	
-66	-22	7	-39	-20	-24	-24	16	
73	23	-16	-29	-3	-57	34	127	
-83	-20	-7	0	-33	-40	-64	-125	
-34	-21	-26	-39	30	-49	-16	-57	
-8	14	-18	-15	29	84	59	45	
60	0	22	47	-29	10	37	82	
-32	-11	-78	-59	3	-35	-16	6	
-18	-39	5	-29	-13	10	-43	-75	
26	29	-10	-13	36	-28	5	16	
5	-6	39	40	-32	63	-17	-128	
-28	-8	40	52	-6	-24	-22	80	
83	9	-39	6	-18	115	79	76	
-97	-23	-26	-76	-16	27	-66	-103	
35	52	20	1	19	-102	3	51	
12	-2	54	53	0	40	-28	-85	
-5	3	9	-14	-4	-60	-13	57	
-50	1	6	-2	-27	-92	-85	-123	
46	-25	34	67	66	102	85	75	
30	-57	-103	-86	-59	8	-21	84	
-47	-3	-22	-71	-5	-43	-49	-52	
44	11	-41	82	42	37	66	-17	
-75	48	80	-9	-36	-91	-114	-128	
47	-30	16	12	30	45	78	95	
-37	-30	-95	-18	-21	-19	-2	-94	
2	-13	-28	-32	-37	36	2	34	
20	21	-18	-37	16	32	-7	-52	
22	12	29	43	38	-7	10	80	
-35	-10	59	14	-28	24	-18	-97	
88	12	4	46	34	-33	34	127	
-44	-19	-29	-71	-26	-20	-7	-101	
-42	36	37	44	-10	4	29	53	
-69	-24	24	-28	-6	-36	-43	-51	
37	-9	-24	88	23	4	13	29	
64	-17	-96	-97	-44	-27	51	91	
-12	-8	1	-5	-9	-38	-80	-128	
-26	31	69	49	28	-2	22	6	
24	-39	-19	-72	-24	54	-9	-9	
-31	7	-36	-27	7	-53	-68	2	
2	10	-35	-5	10	-17	39	-45	
-1	25	23	-2	20	10	-3	71	
30	1	45	24	-20	5	33	17	
24	-6	-7	-24	-14	-44	-28	-34	
26	12	11	20	13	-7	39	41	
-56	-34	-27	8	1	-17	-52	-80	
99	18	-4	-38	-9	10	83	125	
-76	14	66	56	-3	3	-19	-28	
2	32	20	-37	-1	-61	-88	10	
58	-5	-54	58	46	100	127	66	
-26	-40	-21	2	-46	-56	-46	-56	
1	1	-13	-43	5	22	-8	-25	
-17	2	24	38	20	19	-22	-108	
-22	8	9	-41	-4	-45	-25	-14	
7	17	20	26	5	10	-5	-17	
16	-27	-30	21	-4	36	57	101	
-22	-13	-23	-20	-7	-26	-7	-23	
43	13	-2	-26	-23	-52	-25	-16	
-85	-5	54	27	10	0	-39	-128	
26	36	35	17	31	8	53	84	
0	-37	-47	-17	-29	-2	-1	46	
5	5	-9	0	-14	-4	-24	-10	
-5	-11	17	-19	-4	-9	13	3	
-95	19	21	18	3	37	-49	-114	
27	-22	-37	-4	4	7	68	15	
4	1	-22	-73	-7	19	2	6	
-1	-31	19	85	-3	16	-35	-15	
27	-10	-60	-105	1	-56	14	88	
-18	30	32	-58	-6	50	-30	-108	
25	14	35	94	8	1	34	90	
-11	12	-17	-30	-3	10	-13	-40	
19	0	33	44	-8	13	36	50	
-13	-9	-9	-26	11	-31	-36	-15	
40	2	3	-24	-13	18	15	3	
-18	33	0	17	8	-16	-20	5	
-11	-32	4	30	7	22	21	-44	
37	11	-11	-32	1	6	-1	23	
-46	-10	7	40	-9	-26	-49	-111	
30	12	15	6	33	33	68	116	
3	-19	-15	-42	-24	3	0	27	
27	-1	-16	36	2	-17	-2	-17	
5	0	-10	-20	-2	11	7	32	
3	7	-10	-108	-26	-48	-26	-37	
-58	-35	-4	96	8	-4	-75	-99	
20	-3	11	52	14	22	46	56	
-30	7	-24	-72	-20	12	2	4	
21	33	19	-20	-5	0	20	79	
82	0	-6	-32	-10	-2	-52	-55	
-104	-14	22	4	-3	-44	-83	-128	
54	0	11	101	52	51	98	117	
-38	-5	-7	-34	-34	-9	-20	-42	
11	19	1	5	12	5	15	-15	
37	-1	9	14	0	8	-18	-38	
33	13	-3	-37	-6	-20	-32	-5	
-38	1	26	10	18	-18	18	-17	
-6	-29	-34	-17	-15	-9	-38	-56	
-14	-10	-30	24	17	17	10	84	
45	-32	-41	-61	-8	17	23	78	
83	9	0	25	21	5	55	79	
-90	14	-12	-34	-38	-23	-37	-39	
18	26	27	-14	7	5	20	7	
36	18	30	11	-5	-10	-25	-33	
110	16	-5	8	-33	-5	-17	-9	
-49	6	-12	1	4	4	14	-20	
-108	-6	-2	-3	20	-8	-8	-14	
-18	-11	22	25	3	-7	1	-13	
-7	-32	-15	-10	26	14	-22	-26	
47	3	10	0	1	-15	17	26	
4	1	7	-15	-29	-33	2	-1	
-31	-13	-26	-25	-24	-25	-18	-17	
-30	2	11	39	-5	-19	-8	-22	
-3	-12	-16	-17	10	18	8	22	
23	3	-7	-6	2	2	7	22	
-10	11	7	-17	-1	-3	-3	-13	
-21	-4	-9	-1	-7	4	-7	-38	
-5	-10	11	21	11	3	2	14	
1	-25	-5	-19	6	3	-51	14	
35	45	15	1	-37	5	72	-20	
-92	-13	-11	-6	-36	-14	-34	20	
-20	7	11	29	62	21	16	-4	
-8	24	16	29	-13	17	-14	17	
-38	-38	-9	-22	-24	-18	-11	-47	
-16	-32	-30	-69	-32	-23	-10	15	
69	7	-16	-12	42	1	59	24	
13	71	73	112	50	42	76	6	
-26	-30	-22	-51	-78	-55	3	30	
-31	11	-1	7	25	11	-10	-64	
8	-25	19	-13	-36	8	-12	45	
16	-18	-31	-12	33	-24	7	-23	
105	-12	13	24	-69	11	-57	-54	
-47	-49	-57	-61	67	-34	51	53	
80	97	59	107	95	69	-62	-13	
-101	-22	-6	-76	-54	-29	38	-3	
55	11	-16	-65	-72	-16	-18	24	
-84	-53	4	67	46	7	-30	-41	
100	52	16	25	16	5	8	-20	
-12	-10	-36	-69	-41	-24	100	21	
-14	-18	33	107	42	58	36	22	
-50	11	0	-61	-41	5	-61	-36	
1	-9	-7	18	65	11	-12	31	
12	-19	-12	-29	24	-27	-42	-4	
-37	-6	-8	-12	18	-48	-7	-6	
41	11	22	43	-59	41	41	1	
-56	-19	-13	-39	-79	-12	-13	-10	
58	3	-6	-9	-7	14	-41	-13	
-52	1	-9	12	52	32	8	12	
50	26	19	28	49	15	16	-5	
-18	-7	2	-13	-50	-14	-1	4	
-20	-16	-10	-14	8	0	30	-9	
-27	11	13	16	23	12	-5	-3	
19	14	2	12	-56	-11	-30	-10	
-20	-26	-27	-45	18	-25	12	21	
29	-1	12	26	2	29	-18	-9	
-30	11	6	21	14	-6	-18	4	
13	0	-1	-22	-6	-10	-7	0	
-7	-25	-12	-26	-1	-21	11	1	
35	12	1	24	-24	4	-31	-9	
-56	14	6	4	49	-2	17	13	
41	1	4	6	27	17	-17	1	
-49	-9	-9	-5	-31	-6	11	-18	
13	-10	-8	4	18	9	4	9	
-2	-5	-4	-13	-34	-10	-60	-17	
0	9	11	16	53	22	44	4	
0	-8	6	7	-50	-4	-5	-5	
9	3	-7	-9	-2	4	-21	-5	
1	0	-2	1	17	-18	9	6	
5	4	3	0	-30	-4	-6	-7	
-3	-6	-10	-20	-13	-12	6	3	
-12	-1	-1	5	-5	-1	1	-5	
-7	-1	2	-5	30	-4	7	-5	
1	1	0	-2	-9	-4	-2	2	
5	-9	-11	-15	-14	-8	15	2	
-12	2	7	15	2	9	-9	-9	
24	4	1	-4	-2	3	-14	-3	
-29	-2	-3	-6	-12	-10	21	9	
9	-5	-2	-6	1	0	-6	-13	
8	4	-2	-2	2	4	3	-2	
-3	-3	-2	-7	-5	4	-11	-3	
4	3	-1	-1	-13	-13	3	2	
-9	-5	-6	-9	-21	-3	-23	-6	
-3	-3	2	-7	22	0	-3	2	
3	7	9	20	-10	11	16	14	
13	-1	-1	-2	-16	-1	-10	-3	
-16	-1	-1	4	8	6	2	-1	
2	-4	-5	-14	-21	-7	-11	-4	
-5	-1	-5	-7	9	1	8	-2	
1	-2	2	4	-1	-3	-1	-4	
2	1	-4	-6	-3	7	-8	13	
6	2	2	7	-22	-2	2	-3	
-5	2	6	-2	24	8	-1	-5	
5	0	2	17	9	-5	-8	2	
-5	-2	-3	-8	-1	-22	3	-3	
-3	-2	2	7	-6	4	-4	1	
1	-4	-3	-3	-3	-7	-4	1	
9	1	-6	-17	-19	-26	2	-2	
-8	-3	-2	3	6	-5	4	-2	
-2	-2	3	15	-3	8	3	4	
-4	-1	-1	-3	0	2	-9	-3	
-4	1	3	13	13	8	-1	1	
-2	0	0	-2	-10	-6	-2	-2	
-2	1	-4	-6	-5	-11	5	1	
3	-1	-5	-7	3	9	1	-1	
3	0	2	-5	-9	4	13	4	
-3	-2	0	6	12	4	-9	-1	
-2	-3	-4	-10	-2	-12	9	-1	
-1	-1	0	3	-8	-2	-5	3	
3	1	2	8	11	0	-3	-1	
1	2	3	-14	-4	5	1	-1	
1	-2	-3	5	10	-1	-1	-1	
-4	-2	-2	-6	-7	0	3	-1	
2	-1	1	0	-6	3	0	-2	
-3	-2	-6	-6	-14	8	-13	2	
-3	0	3	8	35	8	-9	-8	
