-19	-19	-7	2	3	3	6	0	
-21	5	15	0	-3	-2	5	8	
3	3	1	2	-1	-1	2	7	
-2	-4	6	4	1	-1	-10	2	
4	-11	-5	-1	0	-2	-5	-8	
13	44	21	1	1	3	13	8	
0	1	-3	0	0	1	6	5	
9	-18	-20	1	-1	1	-8	0	
-2	30	40	0	-2	-1	-3	-3	
5	-16	-30	-8	-2	-1	-5	-13	
3	-23	-5	-5	-3	0	13	3	
-5	27	24	2	0	-2	-7	-15	
-1	17	-3	-4	1	0	-2	2	
-1	17	11	-2	-1	-1	20	-12	
12	-37	-10	-1	0	-1	-12	4	
4	1	3	2	1	1	-22	9	
-14	36	1	-2	-4	-4	13	-11	
2	-11	18	0	-3	1	24	9	
5	23	7	7	3	4	-18	-8	
-18	-57	-38	-18	-8	-9	-21	6	
-5	-11	1	8	1	0	-5	-11	
9	0	-7	5	1	1	-2	-14	
-10	41	26	-3	2	0	2	12	
11	-25	-22	-3	-1	-2	3	10	
15	-16	-17	-3	2	-1	-30	-19	
-13	-5	66	9	0	0	1	15	
6	16	35	16	6	5	43	10	
17	15	-34	-14	-6	-4	-22	-13	
-41	-9	-33	-16	-3	-1	16	10	
17	-28	-34	6	1	-1	-26	-14	
-2	-1	25	-3	0	-1	20	7	
-39	-18	-7	6	-1	-3	-11	-8	
45	24	-1	4	3	7	11	5	
-14	-34	9	-5	-2	0	10	18	
-26	-17	-31	-1	-4	-9	-21	-22	
-30	-28	7	6	-6	-13	-12	-28	
6	11	71	0	-5	-4	-10	-7	
24	37	-11	-1	3	6	22	26	
37	-45	-36	-11	-1	6	4	35	
-56	60	56	4	8	8	13	-32	
-13	-48	-29	4	1	0	-41	-3	
-2	6	2	-1	-3	-2	60	28	
11	28	33	1	-5	-7	-68	-33	
-10	-3	-43	-5	-1	0	1	1	
2	66	29	5	3	3	4	-2	
3	-54	-20	-6	-2	-3	-3	-8	
-34	-37	-9	-4	-1	-2	2	-16	
21	42	22	2	5	6	9	14	
39	11	-27	5	4	0	14	14	
19	7	28	-14	-29	-6	-10	19	
-14	-4	-54	54	41	4	4	5	
-6	25	38	-3	2	-3	-16	-26	
-22	-22	-29	-13	-1	-1	30	52	
6	31	-8	-19	-1	-4	-51	-85	
1	-35	79	-1	-8	6	30	23	
-27	-12	-64	16	4	6	26	20	
38	-44	-54	-22	-8	-6	1	5	
63	6	2	3	-1	-4	-24	1	
-53	46	33	-12	-3	3	-1	3	
27	-33	2	-14	4	-1	49	30	
-57	-10	-12	14	-5	-2	-87	-35	
2	20	-22	2	3	0	46	32	
-19	2	-48	-7	-13	-12	-67	-44	
39	-29	44	-11	0	3	-18	-5	
-48	23	23	-14	-31	0	35	-1	
-33	25	2	58	51	10	-7	7	
52	25	-3	-36	-11	0	0	-29	
-21	-1	-16	-5	0	5	33	37	
0	-10	-18	-30	-12	-13	-11	-11	
59	-11	79	21	-15	-3	11	69	
-4	31	14	-26	6	7	22	9	
64	29	16	55	8	0	-13	-16	
-29	16	-48	-27	3	-6	6	-29	
-119	-34	-8	-3	-4	-2	-26	-40	
38	4	-10	6	3	8	44	75	
22	15	17	-21	-10	0	2	-29	
-10	-17	21	25	13	7	-3	23	
42	34	4	-11	-1	0	-18	-42	
-15	-22	-18	0	-5	-6	-1	12	
16	14	-6	-2	-9	-9	-8	1	
-2	-8	15	10	7	8	16	-27	
-70	6	4	-54	-19	2	15	5	
52	-38	-33	58	3	-10	-7	12	
57	8	9	-10	-5	-9	-10	24	
39	-57	-1	-7	16	12	19	13	
-96	-20	-12	-9	-5	5	-22	-63	
100	-21	8	-18	-3	4	28	28	
-67	66	-12	24	6	-2	4	26	
46	10	8	-9	-2	-6	-49	-55	
29	-38	-9	12	-1	10	27	35	
49	-11	-22	-36	-24	-17	-22	-6	
-88	-67	-1	28	12	4	-30	-99	
55	74	7	-14	2	14	42	82	
42	53	13	3	-46	-34	-21	13	
-46	-12	-56	38	41	2	-1	-25	
-21	-31	0	-44	-21	-5	-12	-18	
11	36	44	19	22	14	14	18	
2	15	-11	-33	11	18	7	-25	
-110	1	12	58	2	-16	7	-2	
63	35	-14	-20	-1	5	24	58	
88	-74	-26	10	-13	-21	-8	-33	
-79	10	45	-5	-4	-3	-11	23	
-47	-63	-52	-55	-3	4	-37	-69	
34	48	37	37	6	0	13	-23	
-11	-45	-26	-24	1	7	19	73	
-9	37	-8	20	1	-9	2	-19	
71	78	36	-18	7	15	2	29	
45	-45	-8	-20	-26	-17	0	44	
-91	-12	17	-5	0	-12	-41	-58	
41	3	4	43	5	-4	-16	-41	
24	41	3	62	18	-2	38	56	
34	95	33	-53	20	33	44	35	
-13	-71	-11	-73	-37	-18	-9	-46	
50	-112	-48	87	35	-2	-2	22	
-128	-90	25	-100	-20	-11	-65	-126	
39	-11	22	-68	-35	4	7	25	
41	48	-24	104	82	3	27	59	
-52	69	-14	-113	-16	-16	-20	1	
9	19	31	-15	-5	15	16	-19	
-61	-22	-20	0	5	3	-1	1	
-43	80	52	-25	-36	2	-15	-28	
-43	-72	-22	33	13	21	16	-46	
3	101	-14	-5	1	-1	11	62	
-30	13	20	8	-33	-34	-70	-65	
-3	-44	-13	8	-18	-4	5	-33	
-61	51	5	-19	9	9	1	70	
-100	-46	-10	-72	-12	0	8	-40	
-15	-119	-38	122	9	-9	-8	7	
28	42	39	42	31	7	18	-7	
23	67	-12	-59	-15	3	22	71	
42	-58	13	-7	-50	-11	12	5	
-93	16	25	31	33	45	-2	-76	
24	2	-78	-51	4	-20	42	80	
-11	-60	11	-108	-29	-6	-40	-93	
25	73	-42	-24	6	-9	-13	2	
69	88	40	-27	-11	10	44	112	
-40	119	61	13	0	36	-7	-127	
127	-12	-10	53	-2	-31	31	71	
-71	69	-29	-19	-44	-22	-28	-19	
-24	12	20	22	-17	1	0	-47	
81	32	36	46	57	23	23	61	
62	-55	-16	5	-25	-4	9	44	
5	-88	-14	-11	40	12	-25	17	
-4	-48	28	17	-7	-1	-46	-97	
-38	-85	-20	53	29	-5	-21	88	
25	-41	13	95	-9	-19	-38	-79	
1	-46	33	-53	3	-2	27	-67	
32	63	-24	5	30	19	14	23	
-128	-128	-25	-87	-53	-41	-19	-50	
-99	-64	20	-20	31	31	-4	-42	
2	41	-12	-12	0	17	95	81	
-79	-119	-22	21	-6	-23	-102	-24	
22	18	30	16	-14	2	-23	-65	
45	102	-32	-44	28	60	90	123	
91	-28	30	39	-71	-77	-47	-128	
-53	-13	-9	-41	-18	-30	-31	10	
25	19	-31	7	3	11	5	34	
77	-3	-38	-101	-37	-12	-11	-26	
73	43	-4	118	41	41	-1	75	
-32	51	46	-11	37	22	39	23	
87	-93	-49	-116	-21	-24	21	31	
51	61	41	-30	43	19	2	-36	
-75	101	55	-24	-40	18	30	15	
109	-74	-75	-78	-46	-92	-69	3	
-128	-25	47	-28	8	33	40	41	
-89	25	-16	-10	4	-15	-48	-34	
-11	-18	55	-51	-23	-23	-51	-48	
-61	-9	-32	14	15	34	26	78	
-15	51	6	-2	-55	-50	-24	-128	
-50	13	19	-96	-19	17	66	55	
-63	-7	-22	127	9	-28	-96	-53	
35	-23	-29	-12	33	1	34	-24	
-53	3	1	20	45	31	-17	-23	
-3	68	116	-65	-102	13	24	36	
11	-117	-109	37	90	-4	100	88	
-26	-4	53	-120	-54	10	13	-28	
67	63	-21	114	28	2	24	111	
-42	-30	14	-22	50	-12	-84	-86	
-96	59	-65	-92	-33	-9	6	-25	
-14	-28	-12	-30	11	-9	40	82	
-107	-5	-8	-40	-63	-67	-107	-128	
30	12	-4	37	41	66	82	108	
29	-25	-8	38	4	-12	-9	69	
-128	-23	29	86	-9	-72	-73	-128	
-24	56	81	-128	-55	103	65	-58	
57	-46	-128	127	88	-42	26	21	
-107	-64	97	-128	-31	4	-46	-112	
41	62	24	-82	-23	27	72	29	
53	9	72	-97	-11	15	-13	15	
-24	-29	-39	78	24	-19	-32	-36	
112	49	41	-98	-36	48	20	-40	
63	-4	-126	127	127	7	13	66	
-71	0	-20	-107	-56	-43	-27	-59	
-61	-10	44	-75	14	50	-43	-52	
-123	-11	-45	-12	-62	-105	-108	-92	
-17	-12	58	16	-26	19	-6	-24	
-44	18	-16	39	34	62	89	31	
52	-33	12	-87	-48	-64	-79	-54	
-91	-10	-32	109	58	26	-16	16	
52	31	-10	-128	-61	-4	-12	-32	
-23	-15	19	57	-16	-7	-8	48	
-81	17	-23	69	45	16	19	-32	
119	-1	-7	61	81	39	104	127	
-70	-11	-26	-100	4	-5	-35	-95	
5	3	75	-70	-31	39	90	127	
-128	-37	-37	12	-33	-84	-80	-112	
34	15	48	-92	1	38	9	-19	
4	12	-47	10	22	-21	-6	-28	
63	13	18	-26	-33	-42	-58	53	
-6	-17	-1	22	-29	1	33	-9	
26	-6	1	45	-8	-9	-19	-99	
-37	-2	41	-22	-7	16	-15	43	
127	4	-32	43	14	-5	-40	10	
-81	4	14	-105	-68	-29	29	46	
-128	-17	-52	94	93	27	-2	-84	
120	22	124	-128	-75	43	30	62	
-117	-30	-128	127	105	-39	-14	20	
52	11	38	-68	9	-20	-29	-31	
-17	10	87	-128	-47	9	-6	17	
-125	-5	8	-38	29	25	-21	-123	
105	19	95	-74	-100	10	71	56	
-79	-40	-65	32	65	-17	-30	19	
-76	12	-2	-113	-24	3	23	43	
-8	-4	-36	-8	-18	-25	39	-8	
-58	-15	7	-70	-2	-3	-51	-121	
34	33	-15	-14	-5	65	118	81	
-38	-4	-18	14	-92	-93	-103	-73	
-107	-10	-31	57	32	-4	10	-82	
-44	6	97	-104	-48	40	48	-71	
-88	-6	-71	83	63	-41	-41	-17	
22	-9	-32	-96	16	5	3	-34	
80	15	-6	-80	-52	-6	14	78	
36	-18	-23	-23	35	2	-15	-31	
-27	8	94	-104	-55	27	3	-37	
106	-6	-14	49	23	22	56	127	
-6	-4	-47	19	40	-1	9	38	
-38	-4	-23	-28	-5	-11	-80	-65	
49	-10	51	-33	-41	4	3	21	
-16	8	-12	18	7	11	87	5	
-66	0	-1	-15	-2	44	29	-9	
56	-8	-29	64	11	-42	23	5	
-18	6	25	29	-27	-41	-58	-57	
-13	-1	35	-24	-7	10	-20	-5	
-17	2	86	-46	-90	25	61	55	
-69	-23	-128	68	98	-11	-6	11	
32	4	61	-128	-30	10	-14	-40	
-23	0	-34	-74	-4	34	-3	-36	
42	16	87	-2	-1	40	81	85	
-104	-10	-46	-42	34	-53	-102	-67	
-29	6	-13	-81	-20	28	67	12	
17	-3	45	-10	33	7	-34	-100	
25	5	28	22	7	5	-8	64	
88	-1	-14	37	-20	6	89	64	
-23	0	-42	48	19	2	47	17	
80	11	32	-15	-35	26	-84	-46	
-88	4	-62	25	8	-59	14	-17	
-22	-12	53	49	-16	-41	-9	37	
-68	2	61	-84	-61	19	-52	-8	
81	-1	-36	127	49	-8	36	38	
41	3	71	-86	-10	34	-2	-44	
-60	-9	-82	79	61	-8	-19	45	
-67	-12	59	-80	5	-21	-17	-39	
1	3	33	-83	-16	11	29	77	
-52	-11	-14	-58	-15	13	-60	-75	
-61	23	60	-20	-3	1	42	-40	
127	2	-31	-64	-10	-26	-58	40	
-64	-10	24	-43	-15	-12	35	39	
74	-2	-36	-17	37	-12	-82	-59	
16	24	33	-78	-63	24	73	56	
-38	-8	-47	88	8	-3	-18	-81	
-4	-5	-7	31	-1	-31	-43	16	
15	3	6	16	-22	-28	13	33	
42	-5	-4	-2	7	14	-8	-9	
29	6	-30	64	35	15	56	42	
-14	27	20	-46	-38	-7	-14	-26	
-16	66	-17	55	34	22	3	-3	
-4	28	-16	-25	-3	26	-32	-71	
8	-16	1	-5	-3	-19	19	28	
-30	-7	26	-68	-24	-18	-3	-19	
43	-42	0	116	32	-12	-4	53	
1	36	-26	-22	9	0	-3	5	
-27	122	12	-30	-11	26	-19	-57	
98	119	25	13	-1	19	56	123	
-69	97	-88	-5	3	-37	-46	-69	
-29	111	39	-49	-25	12	-11	-57	
15	-102	-17	41	14	17	-11	28	
-4	-64	-2	0	6	1	39	28	
3	-115	2	-11	-5	-11	2	-1	
12	-39	20	3	-9	-4	-40	-31	
-43	-76	-15	-6	8	11	11	57	
34	-93	10	18	10	-3	20	-4	
-21	-111	-9	-12	-9	-16	-5	-29	
1	-77	-4	-4	4	-9	-9	2	
41	72	19	-3	-5	4	15	-2	
-31	-67	-1	10	-3	8	-11	-11	
-8	-23	-15	0	2	-4	-2	-5	
29	5	9	-23	-13	2	-18	2	
-29	91	-11	11	9	2	18	9	
-11	127	-29	-14	-12	-6	-17	-15	
11	107	8	28	13	1	-2	11	
0	122	3	5	-2	-1	7	13	
10	37	2	-12	-5	1	-11	-34	
-34	21	-15	13	9	-3	-5	-10	
47	65	33	-58	-19	9	9	40	
14	-27	-50	62	19	0	8	18	
9	-14	5	-6	-4	-10	-11	10	
-31	-26	-3	0	3	12	-13	-49	
7	24	3	-4	3	-3	-13	-38	
-20	-59	-7	-26	-9	2	43	-14	
33	-24	-5	14	0	-3	-52	14	
-16	3	-15	15	4	1	-1	14	
-3	23	0	4	-8	-1	-9	18	
-1	19	20	-17	0	2	-3	11	
-25	21	3	6	1	-4	8	-62	
-5	49	11	-12	-6	4	21	10	
0	-33	-18	10	3	1	18	20	
-9	-36	5	-14	-4	-8	-30	-16	
8	-42	6	1	-1	-2	10	9	
2	4	24	18	7	4	-7	14	
-13	27	36	20	13	14	11	-38	
-2	7	-59	-9	-2	5	11	47	
0	-36	15	-11	-14	-17	3	-1	
1	-32	-16	-11	-10	-11	1	-47	
-12	-11	2	1	1	-6	-14	20	
9	59	36	-1	3	7	1	-26	
2	88	-37	2	-1	-2	-2	-10	
-1	7	32	5	2	-3	0	28	
-3	-8	-4	-2	-2	-7	-19	-24	
16	-22	59	5	6	10	5	-2	
12	-18	11	1	-2	0	-7	14	
-5	-19	-37	2	2	-1	-9	-11	
-22	26	14	-5	0	0	19	-29	
16	22	12	5	1	-2	13	63	
-43	-30	-5	5	-3	-4	-14	-30	
11	-1	-26	-23	-7	4	-21	55	
7	-18	-22	-8	-9	-9	33	-26	
-11	-11	-8	-16	-7	-10	-20	-23	
12	-41	26	7	7	14	-3	4	
-24	13	17	21	7	1	30	7	
11	-36	-25	-2	1	-1	27	36	
13	-13	21	-6	-5	-6	-26	-4	
0	9	17	5	1	2	-10	-4	
11	-7	-56	-10	-1	5	9	9	
1	1	11	-5	-1	-5	-38	-35	
-5	-15	23	1	0	3	26	-23	
19	11	5	11	4	2	9	39	
-15	-14	-11	-1	-6	-6	-11	14	
10	8	-37	-9	-2	-7	-6	40	
-4	-7	24	-9	-5	-1	-5	-34	
7	22	-33	2	4	5	15	-28	
-13	-9	16	11	5	-1	10	-4	
1	3	14	6	1	-1	-37	17	
-13	-7	-10	2	1	0	13	-8	
28	-8	1	-6	-4	-6	19	23	
-1	8	3	2	2	3	0	-9	
3	9	-8	0	1	4	15	32	
-2	-2	22	2	-3	-3	0	-25	
-1	-11	-7	1	2	1	-25	-31	
15	4	-24	-1	-3	-1	46	21	
-32	-5	25	5	2	-2	-49	-29	
8	-10	32	-5	-7	-10	-1	25	
2	11	-36	-7	-2	2	7	18	
-11	2	3	-14	-2	-2	-23	-37	
-5	-10	-20	-2	-1	5	42	-7	
9	-2	-5	-4	-1	-2	-9	37	
-5	2	8	12	1	0	-7	-17	
-1	-9	-39	-5	-3	1	-10	-4	
-7	-13	-8	0	1	-1	11	0	
-12	-13	-15	-2	-1	2	-19	-4	
-14	0	29	0	-3	1	9	-6	
13	-6	16	14	3	-1	-16	12	
-16	-5	-10	-8	-6	-2	18	-22	
-19	0	-14	-2	0	0	-1	-10	
4	-3	-1	-5	-1	0	17	22	
-13	1	16	5	0	-1	0	-32	
2	4	21	0	1	-2	-11	7	
7	-1	-22	-2	0	-3	-25	28	
-14	-10	11	-4	-3	-3	7	-45	
20	13	25	4	-3	-2	-8	-5	
-4	-5	2	7	0	-1	3	18	
13	-10	-53	-10	-2	2	23	10	
-8	13	9	-2	1	-1	-39	-9	
-6	-22	3	5	1	-1	-6	-6	
10	2	-39	-4	-3	-2	-5	3	
-11	24	3	0	1	-1	10	-8	
7	-3	12	-1	-2	-2	16	11	
3	16	47	11	3	2	-17	9	
2	-5	-55	-11	0	1	9	6	
4	-25	25	-4	-5	-1	-5	-4	
-13	-3	-1	3	1	0	-3	-6	
1	39	14	0	0	-1	12	-12	
5	-20	14	-3	0	-3	-3	13	
-12	-12	-16	0	-3	2	-4	-16	
10	5	-16	-4	0	2	5	17	
-9	-13	0	0	0	-1	3	0	
-1	-12	11	1	-2	0	-17	-5	
-8	-1	-12	-6	-2	-5	-1	22	
4	-4	21	0	-3	-1	8	-22	
0	-5	-4	6	1	-1	-1	-3	
-5	5	-1	-3	-3	-3	-17	-7	
