8	-1	-21	-4	-2	-2	-2	13	
-19	-3	12	3	-1	0	-3	-36	
-2	-3	1	-3	-1	-1	-1	3	
-1	1	0	-1	0	1	2	-3	
8	1	-17	0	0	1	0	5	
-4	-6	-27	-4	-2	-2	0	3	
-1	0	-18	-2	-2	0	-1	-4	
-3	-1	43	-2	-1	-1	-1	-1	
-1	2	41	10	3	-1	1	-3	
9	-2	-25	5	3	2	2	11	
-3	-7	-37	-13	-5	-2	-2	-4	
-6	-3	-30	-12	-6	-5	-4	-5	
0	10	76	14	3	2	2	-6	
6	-3	-17	-1	0	0	2	14	
4	-2	8	-8	1	0	-3	5	
-12	-11	-40	-11	-7	-2	-5	-11	
-3	7	46	11	-2	0	-1	1	
3	5	52	12	-2	-1	-5	4	
0	-3	-65	0	-1	-3	-2	-8	
5	11	75	13	7	3	4	12	
-6	-27	-122	-11	-1	0	-1	-5	
-2	13	47	-2	-6	-5	-1	-1	
4	-2	60	2	1	4	2	4	
-8	-14	-108	-37	-11	-8	-7	-6	
0	-2	70	28	2	-1	-3	2	
-5	-11	-53	-2	-6	-5	-2	-5	
-4	7	17	-38	-5	0	0	-8	
14	25	109	48	11	8	5	13	
-1	-11	-101	-19	2	1	3	-1	
-7	-5	116	-39	-11	-4	-5	-3	
-6	-1	-38	21	-11	-7	-4	12	
19	32	90	70	33	19	10	-5	
0	21	-23	-45	-13	-6	-6	-6	
-12	-37	-68	-17	-5	-7	-5	-11	
-2	9	56	-10	-34	-15	-8	-2	
-4	-50	6	-13	-3	-1	3	6	
9	47	-62	35	-5	-9	-1	4	
2	-11	-28	9	47	21	7	-1	
-16	-20	64	17	16	12	-1	-6	
-14	-31	-128	-18	-21	-11	0	-12	
4	25	112	-29	2	12	0	-1	
14	71	33	23	-17	-9	0	4	
-3	-47	58	16	15	8	7	4	
0	0	-43	19	20	-4	-7	-11	
9	46	51	22	5	7	13	4	
-42	-36	18	-93	-66	-39	-32	-9	
59	59	45	95	39	24	17	20	
-40	53	5	-79	-43	-25	-14	-10	
-8	5	74	36	12	2	-2	-19	
32	58	85	110	42	21	44	39	
18	4	-128	-98	-20	-11	-11	8	
11	40	120	58	-10	-8	-10	1	
28	-4	-115	-55	6	1	-4	10	
-34	-4	-26	11	6	7	2	-37	
-15	20	19	-69	-31	-17	-5	1	
21	46	71	36	26	17	8	13	
-13	-88	-46	39	11	5	6	1	
30	62	-76	-12	-1	-1	-5	5	
-16	-8	117	74	21	6	3	-7	
-14	90	-128	-123	-47	-28	-23	-21	
3	-14	72	61	33	20	13	16	
-20	20	76	24	1	-2	-7	-3	
9	80	-22	39	-1	-2	-5	-6	
36	-42	127	21	2	17	23	20	
-42	-73	-97	-90	-5	-16	-13	-13	
-7	-63	79	48	15	-1	-4	15	
17	69	12	102	39	25	11	12	
-2	14	83	-92	-45	-9	-8	-34	
-21	13	108	25	12	-9	-10	-2	
-26	-95	-128	-126	-37	-8	-10	-6	
-6	-21	80	36	-16	-22	-9	-11	
50	109	29	127	57	35	25	34	
-18	58	-66	-86	-54	-20	-15	-14	
-12	-5	-28	38	18	7	3	-7	
-44	-83	-14	-21	-15	-11	-8	-20	
8	-9	-128	-17	6	8	4	14	
11	69	127	9	-16	-10	-4	-9	
38	54	34	30	13	6	2	10	
-26	-65	-66	-35	7	0	-3	-12	
-44	-83	-112	-14	-21	-18	-16	-9	
-17	-102	-67	-68	-31	-10	-2	-3	
53	127	-60	15	20	16	9	11	
31	77	40	-8	15	7	3	14	
-47	33	20	-44	-1	-18	-10	-33	
35	80	51	45	-6	9	7	13	
-57	-120	-115	4	2	10	-3	-21	
13	42	19	10	-1	-3	7	19	
-8	-57	-88	32	-4	0	-4	4	
18	84	-87	-3	18	4	9	8	
9	-39	115	18	-3	-9	-4	-3	
-9	-77	-46	-61	-27	-7	-4	12	
2	-4	-42	51	29	13	11	-13	
46	61	-41	14	-18	-6	-2	4	
-15	-13	38	-52	7	0	-4	-4	
-12	-15	-118	-19	7	4	-2	-16	
46	27	94	60	3	8	9	31	
-23	-56	-88	-72	-25	-22	-16	-15	
-16	101	80	65	-10	-4	-3	-8	
0	-8	77	-24	-7	-10	-6	-5	
-22	-98	27	-37	4	-7	-3	2	
4	-6	-26	55	8	9	3	5	
-8	-76	-29	-42	-17	1	1	-16	
12	51	-79	-18	2	4	1	54	
-1	-47	-60	20	20	2	-4	-10	
-23	-3	78	-45	-22	-15	-7	-1	
22	-39	-20	60	12	3	13	-5	
-10	22	-67	-82	-18	-4	-12	-51	
26	43	-2	-4	1	-1	3	23	
-6	-98	59	-13	-17	-3	1	11	
10	127	-41	-10	-1	-9	-10	-8	
6	-8	109	127	35	25	27	9	
-76	-95	-61	-112	-64	-33	-30	-38	
-13	-12	-3	63	32	9	-1	-11	
35	37	-93	37	20	27	24	35	
-3	5	59	-48	-26	-21	-9	-14	
14	7	-23	78	35	14	16	22	
20	-32	125	76	43	29	19	18	
-16	-19	-70	-70	-10	-1	-20	0	
7	112	63	59	43	16	9	-16	
-28	-58	127	58	7	2	-6	-86	
52	30	-116	-29	-14	-6	11	70	
15	-34	124	16	-6	-13	-6	-9	
-33	-106	-17	-36	-32	-9	34	43	
-6	38	-4	-25	-9	-5	-56	-37	
-4	96	90	48	14	0	-17	-35	
8	14	-17	-37	-5	-3	-8	20	
20	-7	-70	-1	-4	4	48	15	
-22	-47	-12	-60	-20	-14	-47	-28	
-3	30	93	63	22	17	8	-2	
-45	-44	-115	-65	-38	-20	-25	-22	
17	27	-70	-24	-1	-2	-3	2	
-40	-29	-57	-48	-33	-21	49	31	
-26	-51	-50	-14	5	0	-19	-27	
23	121	90	-42	-5	2	-6	-5	
-55	15	-46	41	-11	-10	-31	-30	
7	54	-58	-62	5	-8	8	27	
21	-1	55	67	21	9	8	-12	
2	-9	-76	-9	18	14	27	21	
14	-97	70	5	-22	-8	-23	11	
41	30	16	8	26	17	15	32	
-23	-22	-33	4	-10	-13	2	6	
16	-19	94	99	27	9	6	-4	
25	36	-105	-52	-4	7	-4	-3	
-7	-33	-42	-47	-24	-2	0	28	
-11	52	9	-34	0	2	5	-10	
-8	-36	94	74	-1	-6	-5	-16	
42	44	91	26	28	20	4	0	
-3	23	57	32	-1	-11	2	4	
-28	48	-58	-103	-26	-31	-16	-18	
11	-27	1	22	12	20	5	17	
-6	48	116	30	-21	1	-4	2	
48	122	26	31	44	14	9	10	
-36	-70	-60	0	0	4	-6	-2	
-7	-77	38	-4	-9	-16	1	1	
24	36	36	104	35	11	4	6	
-15	1	30	-40	-22	1	3	13	
2	10	-83	-84	-52	-25	-17	-25	
-6	-52	48	22	-8	-1	31	8	
-11	-40	-76	-55	-10	-6	-5	-1	
36	97	127	92	49	19	21	15	
-26	-38	-81	-71	-15	-17	-32	-16	
6	49	-33	-29	2	-1	0	-3	
-16	-10	-4	28	3	-5	-8	-18	
-11	-63	76	-42	-34	-12	-7	-17	
13	8	77	25	1	-1	16	23	
17	23	-101	19	-4	1	-7	4	
-49	-94	22	-108	-49	-29	-28	-36	
25	73	20	127	60	46	29	33	
-10	-42	63	-57	-18	6	4	-8	
-7	-12	112	41	12	-16	-10	-4	
-17	-16	-23	14	13	-1	2	6	
-1	42	-41	-29	-1	-3	-6	-17	
27	-59	-37	79	44	30	46	38	
-8	83	-15	-52	-35	-16	-14	-31	
17	-63	-85	-62	-11	-9	-7	11	
-50	-128	11	-5	-16	-10	-14	-20	
2	20	-34	-2	-21	-2	6	5	
7	-20	-20	8	15	2	42	54	
41	93	22	119	30	26	-35	-51	
-45	-51	-117	-111	-48	-35	-44	-50	
-2	32	127	46	6	7	-13	-22	
7	-13	86	24	9	20	28	20	
10	44	-9	-62	-53	-28	-3	25	
6	-25	105	-19	2	3	3	4	
14	-49	26	55	36	15	13	14	
-14	14	-118	-60	-16	-7	-24	-23	
-15	11	127	4	8	2	10	8	
9	2	29	50	7	8	3	0	
-5	37	17	-49	-1	-11	-10	-11	
-1	14	69	16	-19	-4	-12	-19	
9	52	-31	-10	10	7	31	14	
-37	-41	-59	-26	-14	-17	-35	16	
28	79	-5	96	30	15	8	10	
12	73	31	4	11	0	-12	-7	
-15	19	-47	-37	-19	0	-6	-13	
23	33	32	26	-2	9	18	10	
0	-19	-45	-15	-6	-3	1	-2	
-11	-53	-74	8	5	-12	-15	7	
1	-107	-61	-16	20	-7	0	0	
27	74	61	19	18	17	20	14	
-24	-67	-22	17	2	8	-10	-8	
3	-9	-15	29	17	10	6	0	
-9	29	-45	-73	-16	-25	-13	-12	
14	-2	48	70	2	11	8	22	
9	23	-55	-48	2	2	-1	-33	
-23	-44	-77	-82	-26	-12	-7	-2	
-1	-14	-13	52	-8	0	-9	-33	
37	95	44	57	36	12	36	37	
-27	-46	-52	-92	-72	-39	-40	16	
-2	-78	86	27	-1	4	5	7	
23	105	127	118	43	18	-3	4	
-19	-22	-105	-101	-47	-31	-18	-19	
11	96	109	96	-3	23	10	-8	
-4	-73	-77	41	49	14	3	-3	
-3	-52	74	12	7	-5	12	18	
16	30	-76	-20	-3	3	6	-4	
1	23	83	-2	-18	-16	-6	5	
-15	-82	-77	-83	-29	-12	-17	-11	
14	34	54	23	53	26	16	13	
3	-25	8	28	-8	1	-2	-13	
2	-4	59	-32	-4	-7	2	4	
10	35	87	38	9	-2	2	-1	
-15	-28	-12	-35	3	11	5	-4	
-2	7	28	12	-19	-13	-12	-11	
-10	-6	-1	12	3	1	9	13	
-1	28	32	-55	-18	0	-12	-15	
1	30	-72	11	-14	-9	-2	9	
-9	-79	-46	-56	-18	-1	-5	-7	
-5	-42	127	127	55	12	9	-4	
-7	24	-36	-108	-58	-27	-13	-6	
-19	-57	-72	-58	-12	-13	-11	-16	
-20	17	24	0	14	1	-2	-10	
3	21	-49	-37	2	-5	3	4	
19	83	105	68	17	21	9	11	
-15	15	55	-38	-13	-4	-3	4	
4	-59	-50	6	-5	-13	-5	-15	
-8	-77	-36	-4	-3	8	1	11	
-5	43	105	14	11	-15	-3	-22	
10	3	127	54	-14	17	3	3	
6	-35	-105	9	39	7	6	5	
0	87	-60	-101	-20	-5	-6	-10	
23	43	37	60	18	16	23	18	
-6	-32	94	1	-23	-16	-7	-3	
-10	-13	11	-31	-12	-4	-6	-6	
2	-44	19	3	1	1	-1	-1	
4	9	-28	96	39	7	5	8	
-3	72	-10	-20	16	-3	-1	-5	
0	-49	5	4	6	14	7	13	
-5	-76	20	11	3	-12	-7	-11	
-9	95	-46	-96	-61	-26	-14	-5	
16	33	43	93	34	21	12	15	
-8	-13	-54	28	10	7	14	11	
2	12	18	2	3	3	-3	8	
-5	-68	-23	-7	-2	-3	-18	-18	
3	12	1	4	-7	-2	5	6	
20	41	30	10	-1	-4	1	12	
-3	-26	-34	-17	3	5	12	-2	
-11	10	57	-20	-22	-6	-9	1	
-3	-10	-106	-32	-35	-16	-13	-7	
22	40	100	69	67	23	19	13	
-17	19	-30	1	-6	-7	-3	-7	
-12	-51	-77	-75	-17	-13	-12	-11	
-6	-47	11	-13	-20	-4	3	2	
-2	51	48	-23	-27	-6	-11	-7	
15	55	15	11	10	3	0	3	
19	11	50	76	40	22	9	15	
-23	-51	-17	-70	-17	-17	-6	-12	
-12	-12	-102	-12	-27	-11	-8	-21	
9	39	40	22	16	7	-2	2	
-1	-1	-39	-26	-12	-1	10	31	
1	-10	-48	8	8	-1	-3	-45	
1	-3	61	7	3	-2	-5	3	
6	-13	-31	-20	-19	-5	-2	3	
-3	-26	-35	7	-8	-1	1	-7	
16	83	44	52	38	14	6	17	
-10	-65	37	-23	-6	-6	-8	-7	
-2	97	6	-44	-31	-4	-1	-7	
-4	-33	17	41	15	-3	-2	3	
-3	-10	-54	35	24	2	-3	5	
-6	-21	-52	-23	-17	-5	-3	-7	
-1	-12	52	2	4	0	-1	5	
-2	2	84	-18	-6	0	-4	-6	
-7	-21	-59	-10	-11	-1	3	3	
5	26	69	-15	-8	0	3	28	
-6	-45	-122	3	2	-5	-15	-34	
-9	0	16	-12	0	-2	-4	1	
5	-27	17	10	1	2	1	6	
0	12	19	-12	-2	-1	14	0	
4	-1	72	48	18	4	-3	-1	
-1	6	-57	-43	-10	0	1	-10	
-4	-8	-5	-27	-9	-5	-4	4	
-2	9	-15	2	-12	-6	0	1	
1	-6	-26	7	5	-1	3	1	
-6	-18	-13	16	19	6	2	-7	
4	26	39	14	1	0	2	8	
-11	-46	-33	-7	-8	-6	-11	-13	
5	-2	-3	25	3	0	4	9	
9	36	-14	-9	1	5	16	36	
-9	0	-22	-28	-7	-2	-23	-64	
15	32	6	36	13	6	-26	-17	
3	-11	-6	-18	-7	-7	-2	6	
10	-1	45	19	-2	0	2	2	
-14	-29	11	-4	-2	1	47	2	
-2	20	-6	-8	-2	-5	-49	-23	
16	-9	10	-3	-1	-1	-4	36	
1	8	6	3	0	-3	-9	-1	
0	-17	2	3	0	-1	10	23	
0	13	8	-4	-2	1	12	16	
-8	-8	-5	1	3	2	-6	-21	
-1	-2	31	13	3	0	-14	-2	
0	-4	-31	-18	-9	-3	-9	3	
-4	-2	-20	1	1	0	21	-3	
-2	-1	23	-1	0	1	3	6	
-5	-11	8	-13	-8	-1	2	-8	
-1	-15	1	5	5	-4	-8	-4	
1	-3	42	35	10	3	13	14	
-5	8	-59	-39	-8	-6	-1	-1	
-8	-30	-21	-10	-4	-1	-2	-12	
-7	6	-8	-12	-8	-2	-6	7	
-3	-10	-3	6	0	-2	-5	-9	
3	-7	10	10	1	0	3	-5	
5	43	8	10	2	1	8	0	
-2	-13	-3	-4	-1	0	-11	6	
1	6	6	-2	0	-2	2	1	
-4	-8	7	2	1	2	8	-10	
-1	1	-17	-4	0	-2	0	-1	
1	-8	10	7	0	-2	-12	2	
0	5	-5	-11	-1	1	7	-2	
-1	2	-3	2	-1	-2	-3	1	
-3	-9	-5	8	4	1	5	-3	
-2	4	4	-2	1	1	-1	2	
0	-3	-4	-5	-3	-1	8	2	
-2	-4	-4	2	1	0	-7	0	
1	6	2	2	1	-2	-5	-6	
-2	-2	3	-1	0	0	1	-1	
-2	-4	-8	-6	-2	0	1	0	
-4	3	8	7	3	2	0	3	
-1	-9	-7	-3	-3	-4	-6	-7	
3	12	1	1	1	1	1	3	
6	14	0	-3	-3	-3	0	3	
2	-1	1	1	0	1	7	0	
-4	-7	-4	-2	-3	-6	-4	-5	
-1	-11	-3	-3	-1	0	-2	3	
-4	-7	2	1	0	1	-2	-1	
-2	-1	1	3	0	0	2	-4	
1	2	-2	0	0	1	-2	1	
0	-3	0	1	-1	0	-3	-1	
1	1	-2	-1	2	1	0	-1	
-2	-1	-3	-2	-1	-2	2	-1	
0	2	-1	1	1	3	1	1	
2	0	-2	-3	-2	-1	-3	0	
1	-2	0	0	-1	2	2	1	
-2	-6	-5	0	-1	-2	-2	-3	
-2	-2	-1	0	-1	-2	1	-2	
2	0	2	-2	-1	-3	0	-2	
-3	-14	-4	-2	1	-1	-2	-3	
5	8	0	0	-2	-1	-1	1	
0	0	-1	0	-2	0	-2	0	
-6	-7	-2	1	-1	-1	-3	-1	
-5	6	-2	-2	-1	-2	-2	-5	
0	-24	-4	-2	-1	-4	0	3	
-4	9	-1	0	-3	1	2	-16	
4	0	-2	-1	0	0	0	7	
4	24	2	-1	0	-1	4	3	
-1	-1	0	-1	2	0	-7	-1	
0	0	2	-1	-1	-1	-2	2	
0	2	0	-1	2	0	-2	-6	
-2	-12	-1	-2	-2	1	0	-3	
-1	5	1	-1	-1	1	3	0	
2	-4	-1	-1	-1	1	-4	4	
0	-5	-2	-2	-2	1	-1	-1	
-6	-20	-3	-3	-1	-2	-4	-1	
3	12	-1	-1	-2	-2	1	1	
-4	-5	-2	1	1	1	1	-1	
5	8	0	-3	1	-1	3	1	
-3	-2	-3	1	0	-2	-3	-5	
-3	-2	-1	1	-1	0	4	-8	
6	8	1	0	1	-1	-2	11	
-1	-6	-1	0	-2	-1	0	0	
3	1	-2	0	-1	-4	-2	1	
-3	-3	0	1	0	1	0	-7	
-10	-39	-6	-1	0	-2	-2	-11	
8	21	2	0	0	-1	0	17	
7	8	0	-3	-2	-1	-1	0	
1	0	0	2	1	2	2	7	
-8	-33	-5	0	-4	-4	-2	-4	
-2	4	-2	-4	-4	-4	-2	-4	
0	1	0	0	0	0	-1	-2	
-1	-9	-1	1	1	1	-1	3	
4	11	2	-1	0	1	0	3	
-7	-11	-2	-2	0	-1	-2	-10	
-2	-5	-1	1	-1	0	-1	3	
-1	1	1	2	0	0	-2	-4	
3	6	1	-1	0	-2	-1	0	
-3	7	0	0	-2	0	-2	-2	
-1	4	2	0	2	1	0	0	
-2	1	-3	-2	-3	-2	-3	-1	
0	10	1	0	0	1	1	-1	
-3	-16	-2	2	1	-1	-1	-3	
0	-24	1	0	-1	1	0	0	
