-1	0	3	-1	0	-1	-1	0	
-1	-2	0	0	-2	0	-2	1	
-1	-2	-3	-2	-1	-1	0	0	
0	1	0	0	-1	0	0	-2	
-2	0	0	3	-1	1	-1	-1	
0	1	-1	0	2	-1	-1	0	
-2	-7	-6	-3	2	-1	-1	-1	
1	0	1	-2	-2	-1	0	-1	
0	0	0	-3	1	0	1	0	
-2	1	-1	3	0	0	1	-2	
1	0	2	2	-2	-2	1	0	
1	0	-1	-1	0	-2	0	2	
1	-2	-1	0	-2	-1	0	0	
-7	-2	1	-2	0	-2	-1	-2	
0	1	-1	-1	-2	-1	-1	0	
-1	0	-1	0	-1	0	-2	0	
1	3	0	-1	-1	-1	-1	0	
1	-4	-3	-3	1	-1	0	0	
-5	1	2	0	-1	-1	-1	-2	
0	-2	-1	1	-1	-1	0	-1	
-2	-2	-1	-2	0	-1	0	-2	
2	1	-3	0	-2	-2	1	1	
0	1	-1	1	0	-1	0	-1	
0	0	2	-2	-1	-1	-1	1	
0	-1	-3	-1	-1	-1	-3	0	
0	-1	-1	-4	-2	0	-1	-1	
-1	-1	-2	0	-2	-1	0	-1	
-1	-1	1	-1	0	-1	-1	-1	
-4	-3	0	1	-2	-1	0	-3	
-1	-2	-2	-3	-1	-1	-1	0	
1	-3	0	-2	-1	0	0	-1	
0	0	-1	2	0	-1	1	-2	
0	-3	-4	-6	0	-2	-1	-2	
0	3	3	3	-1	0	1	-2	
-1	0	0	-1	-1	-2	-3	-1	
0	2	2	3	0	-1	-2	0	
1	-5	-3	-2	0	0	0	-1	
1	-2	-1	3	0	-2	-2	0	
6	18	0	-3	0	-1	-1	0	
-9	-2	-1	-1	-2	-2	-1	-2	
-4	-1	0	1	0	-1	0	-2	
-3	-2	-1	-3	-1	1	0	0	
0	-5	0	0	-1	-1	-1	1	
2	1	0	1	0	0	0	0	
0	0	0	-1	-1	-1	-1	0	
2	1	-2	-2	1	-2	-2	-1	
-3	-5	-1	1	0	0	-1	0	
-3	-3	0	-4	-2	1	1	-2	
1	-1	1	8	0	1	-1	1	
0	-2	-2	-2	0	-1	0	0	
0	-4	0	-2	-1	1	-2	-1	
-1	0	-6	-4	-1	-2	-2	-1	
-2	-1	2	-7	-2	-2	0	-1	
4	-3	-1	4	-3	-1	2	-1	
-3	2	2	16	3	0	0	-1	
-2	-2	-1	-18	0	2	0	-1	
0	2	-2	-7	-3	-1	0	1	
-3	1	-1	-3	-1	-1	-2	-3	
-1	-6	0	-8	-2	-1	0	0	
0	-6	2	12	1	-1	-1	-1	
-3	-16	-2	3	1	-1	-1	1	
-1	2	-2	-3	-1	-1	-1	3	
13	8	1	3	-3	0	-1	2	
3	-20	1	-3	-2	0	-2	-2	
3	-10	-6	-2	2	-1	-1	-1	
-9	-22	-5	3	0	-2	-1	-4	
-8	18	2	-3	0	-2	-2	-3	
4	-3	-2	1	-3	-1	1	1	
9	19	10	-2	-2	-1	-1	0	
-1	-22	-6	8	2	3	2	1	
-8	-11	1	-12	-1	-2	0	-3	
3	14	-2	-2	-2	-3	-1	1	
-6	-4	-3	8	3	-1	-12	-5	
-14	-6	-1	0	-4	-1	8	-3	
5	-2	-6	-11	-2	-1	-4	1	
11	24	2	-16	0	0	4	3	
0	5	-2	24	0	0	2	2	
-1	13	15	-19	4	1	-5	-2	
-3	-15	-9	-3	-4	-3	14	0	
38	3	-23	2	0	-2	-16	-3	
-64	-42	-2	-6	-4	-2	-5	-11	
2	11	6	12	0	0	-11	28	
-13	33	1	11	4	2	10	1	
-5	18	3	-14	-1	-4	-8	1	
13	40	12	9	0	0	20	-1	
-3	-7	4	10	-3	-4	-17	-10	
-18	-26	1	-1	-1	-2	-43	-4	
0	-45	-10	5	-2	5	73	-3	
25	29	13	-7	1	1	-59	16	
6	-9	-16	16	5	-1	47	-9	
16	-4	-14	-53	-9	-1	1	-3	
-19	-15	5	33	-5	-8	12	6	
-7	-65	0	3	-7	6	-7	-1	
20	53	2	-20	7	-4	49	-2	
-12	-43	-31	-6	1	-6	-101	-49	
-5	-6	11	-1	3	-1	92	17	
10	11	-12	-16	-4	2	33	6	
32	-3	-6	26	-6	-2	-30	-62	
9	6	0	-22	4	5	47	68	
-9	39	35	15	-7	5	-92	-28	
-21	77	-3	-20	12	-4	-29	-75	
17	8	8	1	-10	-7	0	-24	
8	7	-28	30	-2	-4	30	-21	
36	98	42	20	4	2	10	-32	
23	-23	-10	4	4	2	-65	46	
-29	36	-8	-36	-4	2	52	14	
34	38	40	79	16	4	49	9	
38	-13	-41	-104	-10	1	-48	77	
-69	-16	-10	-58	-15	-7	1	-2	
-21	-22	23	-17	-4	-8	34	-30	
-32	22	10	23	14	5	-62	-1	
1	1	39	127	0	-1	84	8	
45	-81	-63	-56	-2	5	47	18	
-24	15	5	-27	3	15	-50	7	
23	8	12	65	-6	-25	-11	-91	
2	-60	-13	-107	-8	6	21	-8	
34	45	35	30	-14	-15	13	71	
35	-60	-55	-4	19	8	-97	32	
-18	3	17	2	-8	14	24	-26	
19	-27	-30	28	4	-13	73	26	
52	22	32	-28	-5	-11	-79	-10	
-79	-34	-30	121	6	-6	85	-39	
-17	-34	-7	-98	-2	10	-98	17	
-12	-2	-20	58	-3	-20	39	-115	
36	100	31	105	-10	-29	-23	45	
114	10	88	-119	-16	-4	38	51	
-21	-32	50	40	6	12	-82	-49	
64	-67	-69	19	-6	-5	45	91	
-105	-43	56	-55	29	22	-32	-99	
17	-49	-101	-38	-12	-2	-122	61	
-52	38	68	60	-7	12	127	24	
3	32	60	13	11	-11	-128	-91	
2	-38	-52	12	-12	3	118	73	
39	-71	-12	3	2	38	-52	33	
-8	19	18	42	22	-16	127	-48	
-126	-51	-75	-92	-17	6	32	-52	
37	-3	-9	73	-22	-42	24	-3	
-90	127	34	95	-12	-18	79	39	
-43	-11	-125	61	-13	58	6	-43	
-23	23	74	-37	2	-30	76	110	
118	5	87	1	25	10	-90	-82	
-28	21	71	-11	-16	7	64	5	
116	67	-49	42	1	-27	6	118	
78	-22	15	-114	3	-27	-16	83	
-62	-10	-23	56	24	79	102	-35	
-52	59	44	-73	1	-22	24	-83	
101	19	-56	-13	-29	-18	53	124	
2	63	17	-33	8	43	-90	-128	
28	6	-25	52	-15	-22	-99	39	
-69	83	45	90	31	5	127	-95	
-20	-41	0	-78	19	16	-114	31	
1	48	-13	107	-18	-15	34	2	
-97	-107	-78	-53	-24	28	127	47	
-39	109	49	51	39	52	-122	-83	
19	-20	91	-128	-17	-97	-39	58	
-53	85	-47	14	34	68	-46	110	
-43	-57	63	35	-58	2	127	10	
84	-32	-127	-15	-60	-89	-128	-33	
104	98	58	-48	97	92	-57	58	
-54	-23	7	12	-14	-10	48	-88	
-15	-55	-11	38	25	-20	-115	42	
116	24	-14	-75	-1	74	-49	-29	
-92	-26	8	127	-79	-104	95	-128	
33	-116	-21	-97	6	20	77	-11	
44	127	49	54	-10	14	-109	-30	
76	-128	-60	-24	34	-39	-27	91	
-55	44	-25	25	-17	33	-36	-8	
48	44	37	-77	31	-42	-128	13	
-128	40	57	90	-24	-65	23	-104	
-37	-56	-45	-21	-26	61	-87	24	
67	-18	8	-24	32	15	127	4	
-3	71	-10	41	-5	-33	-128	-99	
127	-27	-29	59	26	59	-77	61	
57	-44	-16	-24	22	-73	116	127	
-90	50	40	-111	-94	-31	53	-112	
100	-65	-55	127	18	61	42	118	
25	26	11	-58	41	-26	48	-25	
92	46	95	93	21	41	-78	6	
-1	-126	-99	-65	-28	9	51	-74	
111	77	127	127	-19	-18	-107	127	
-60	-44	-114	-128	-15	-1	21	-3	
-59	60	33	11	-32	-50	44	-46	
-25	-67	62	126	42	50	-72	14	
-123	20	-2	-111	-2	-28	70	-66	
59	-33	-59	39	-21	19	-40	-14	
-57	111	21	-28	4	-37	-59	-64	
-28	-6	-31	-92	-8	-53	-128	-5	
-11	82	-32	34	53	66	99	-69	
-21	-25	70	112	48	-58	-74	81	
-36	-43	-18	59	23	51	101	76	
-50	2	31	46	-89	-44	-110	-60	
6	-118	-63	-73	-36	22	-128	-39	
-87	104	3	2	15	-8	127	-38	
56	69	28	-53	71	59	-64	81	
50	39	-14	104	-31	-5	69	61	
-66	-20	10	-42	-18	-46	-73	40	
-90	-28	17	87	-37	-51	-100	-84	
-17	-90	-11	-60	-79	30	-16	11	
127	37	26	57	111	75	65	78	
-113	41	-33	-78	33	-78	-55	-25	
-4	-30	-52	-65	-48	18	113	-8	
75	60	85	117	-64	-99	-115	-116	
67	62	47	-11	67	69	99	59	
-55	50	-9	33	-21	59	38	-4	
29	65	-43	-128	82	30	42	114	
-104	48	-39	102	7	5	38	-87	
62	1	-3	-37	-15	47	-41	77	
67	49	52	127	-99	-100	-65	-9	
-73	-105	-6	-105	40	-15	-66	-4	
-52	-87	-39	2	24	124	98	2	
-43	37	30	-102	17	-113	-116	-36	
82	22	-67	-49	-83	-74	53	4	
27	35	64	26	-7	36	-26	-118	
25	15	-22	-119	8	38	30	127	
-11	-22	-29	-11	68	55	35	-67	
101	-25	-27	-13	31	12	-29	127	
-7	-59	-10	-78	25	-2	-72	-63	
-107	59	69	127	-70	-36	-102	-128	
7	-67	-106	-128	70	77	-18	59	
-114	124	110	4	28	71	-10	-97	
127	-46	49	127	69	51	83	49	
-66	10	-88	-53	-108	-128	-119	-2	
-35	-99	6	-70	58	-49	-6	102	
46	7	-51	-45	127	122	89	-24	
-87	-22	-64	49	-34	-74	-128	-118	
81	-28	43	64	-41	-64	74	108	
65	-30	-17	-5	-110	-21	26	53	
-93	-46	5	89	-85	36	80	-38	
77	57	-17	-1	-24	-25	-15	13	
15	-115	-17	-70	-1	27	95	-30	
46	-29	60	15	70	-16	85	61	
34	-54	-1	38	-66	43	-43	-60	
103	127	39	84	84	20	-71	89	
-77	-105	-10	-35	85	-76	34	19	
33	127	-14	-1	-112	46	-55	-128	
67	-61	-6	2	44	-8	127	103	
-83	-34	66	37	-100	9	11	-90	
106	41	-110	-71	123	56	-128	78	
-128	127	102	127	-128	13	-9	-29	
48	-118	33	-63	123	-71	-54	99	
-17	96	-8	31	87	79	-68	-69	
127	66	60	127	8	-60	-69	92	
-40	26	-107	99	-81	-30	60	-11	
112	68	-4	17	-24	31	-10	109	
78	71	-53	-115	-8	-72	36	95	
-128	-15	65	-48	-57	51	40	-125	
115	-11	-9	122	76	-17	-64	71	
28	-118	-6	-93	-109	-37	63	21	
-19	-12	18	-91	-3	22	127	127	
59	103	-32	30	113	-32	-29	-110	
-43	-62	9	13	-62	2	-106	-19	
-11	51	-1	51	7	-30	-89	-63	
-28	-114	-93	-37	-30	14	-56	118	
66	52	114	-62	31	-2	-3	127	
-50	63	-11	-118	-16	-56	-101	-112	
-124	16	40	60	-53	44	-76	-115	
97	29	30	94	25	-20	118	93	
78	30	-71	-90	-26	-3	-7	1	
73	-16	49	127	-10	-29	25	1	
110	33	36	-25	-2	37	-84	73	
-33	42	-65	-10	-67	-17	-65	-99	
-127	-113	70	127	57	33	111	-86	
60	-19	-56	-51	126	81	100	114	
0	30	-30	27	-119	-128	-87	-52	
-79	-128	25	14	114	105	92	-77	
52	67	13	-48	-2	76	-92	109	
-81	-37	17	31	-63	5	50	-32	
-49	-28	2	-59	-1	-35	-30	-37	
14	20	-12	-39	-87	-19	-72	44	
-24	29	-5	-17	-64	53	95	-75	
4	-60	-33	-34	27	-78	-67	-10	
-33	-42	13	5	49	34	22	0	
12	-47	-8	-44	-47	-16	-24	-7	
14	-20	-11	27	14	-19	3	-5	
-9	-21	-16	-59	-16	15	12	-24	
-51	0	5	65	99	9	51	-17	
10	57	41	38	-12	19	-13	-22	
5	-80	-42	28	-13	-11	-2	-16	
1	4	-40	-58	-17	-45	-7	22	
-11	58	38	-13	-29	25	-7	10	
16	43	76	66	42	14	41	-5	
15	53	-11	-58	30	18	8	14	
-12	40	42	-10	20	12	-18	-7	
-2	15	-111	7	10	11	27	5	
-3	29	66	0	-48	-11	-14	15	
1	-31	-25	10	-32	-29	8	18	
-6	-4	-26	-8	12	16	-17	4	
-23	-27	-15	12	14	0	-3	-33	
12	37	-40	-11	-8	-18	16	-7	
-13	2	-9	24	-5	19	28	7	
5	14	52	3	22	48	19	-50	
-11	8	-3	15	11	-66	-79	26	
-7	-21	4	-54	-17	-16	-23	-12	
2	-9	26	5	-16	-16	31	11	
-10	-1	5	-2	0	15	16	10	
0	12	5	15	22	30	37	-17	
4	11	-19	2	-9	-11	-4	8	
-4	-21	19	0	-20	-4	-2	-6	
0	11	-93	2	7	-5	-14	-10	
3	-10	46	15	23	23	22	3	
-4	-6	-26	-12	-5	-11	-2	2	
5	-1	2	12	-2	9	3	3	
-12	-7	8	-8	2	-19	-21	6	
-4	-7	-2	4	1	5	6	-34	
10	-9	70	-13	-8	4	2	-7	
-8	1	-82	-3	-8	-8	-13	-10	
1	3	73	-12	1	-10	-19	-2	
-4	-13	-10	23	5	18	41	11	
11	-1	-20	-5	-4	7	-13	60	
-16	0	40	-2	-5	-28	-10	82	
11	1	-1	1	2	-16	-9	35	
5	7	-75	3	5	16	14	16	
3	25	71	15	1	3	13	-35	
8	-13	-3	-14	-3	16	18	15	
-2	7	86	2	2	14	-17	-17	
-2	-1	-1	23	7	-33	-13	-4	
-7	-15	-59	-29	-8	-4	-4	0	
3	1	5	8	-1	6	-3	-35	
0	-1	-28	-5	-1	-4	4	-5	
4	-3	82	-6	-1	16	6	-1	
-4	2	-42	4	0	-5	-6	-25	
-1	-6	26	0	-2	-4	-14	-21	
-2	8	5	7	5	8	7	11	
0	-2	-10	-11	-2	13	1	4	
-11	-13	40	-4	-7	-30	-8	-3	
-3	-5	-49	6	0	1	5	-25	
-5	7	46	14	1	-6	-3	34	
4	-4	-44	-16	-1	11	13	18	
4	22	42	14	4	-6	-17	-51	
-1	-18	-36	-33	-12	-9	-17	-2	
-7	14	-74	-6	0	-2	0	-56	
-3	-8	67	-3	-2	-1	9	1	
-4	2	6	10	2	8	-3	14	
4	5	16	12	2	0	-12	-7	
-1	-2	0	-1	-1	-2	20	6	
0	-1	-7	-3	-1	2	-5	6	
3	1	-76	-6	2	0	5	-5	
-5	-12	53	3	-1	-2	-6	-15	
1	-2	26	2	1	-5	4	1	
5	3	-23	5	5	2	-6	-5	
-10	-16	33	-18	-7	-4	0	12	
0	-1	3	1	-1	-3	-3	-27	
-1	-3	1	0	-1	0	-9	9	
2	4	39	3	-1	-2	8	2	
-3	-1	-53	-5	1	2	-9	4	
0	3	3	6	0	5	15	1	
-1	0	11	4	0	-4	-2	-7	
-4	-4	-13	-9	0	13	6	-22	
4	-2	44	3	-3	-17	-3	52	
-3	-5	-75	-11	1	0	-5	-15	
1	-5	-25	-6	-2	-2	-1	15	
1	-1	-14	-2	-1	-3	-1	-2	
-2	10	26	11	1	9	12	-4	
3	1	-11	-4	0	4	10	16	
0	0	1	-20	-4	-10	-11	6	
-2	1	9	-7	-1	-1	4	13	
1	-1	0	5	1	2	-2	-13	
0	2	12	8	2	-4	-4	2	
-2	-2	-2	0	3	4	4	-9	
-2	-8	13	0	-4	-7	-7	1	
-1	-2	-37	-12	-1	1	6	-6	
0	0	39	9	-3	-3	-4	-7	
-1	-1	-15	4	0	1	-4	1	
-2	0	0	2	1	-5	0	-2	
-1	-2	-10	0	0	2	0	-11	
-3	-1	-30	-8	-1	-1	-5	7	
-2	3	13	5	0	1	-2	-4	
0	-2	18	0	-2	-3	-1	2	
-1	-1	5	0	1	4	4	-11	
2	-3	-3	-4	-1	-2	-9	15	
0	-2	-16	1	0	-1	5	-2	
1	0	20	-1	-2	-2	3	-2	
-3	-2	-12	0	0	1	-15	-7	
0	3	-9	7	1	-2	3	-11	
-2	-7	-6	-5	-2	-3	-3	-43	
0	0	-18	-7	-3	-3	-3	4	
-1	0	-5	2	-2	0	-1	-1	
-2	0	-5	1	-1	-1	0	-8	
0	2	5	7	3	1	-2	7	
-1	-3	-5	-3	0	-2	-2	-4	
1	0	-26	-2	-2	0	5	1	
-1	-4	35	5	0	-3	-5	10	
-1	1	-22	-8	0	0	-1	5	
-1	-1	5	-1	0	0	-4	3	
1	2	10	4	0	0	5	5	
-1	-2	8	-4	-1	1	-2	-5	
-2	-1	8	-3	-3	-2	-3	1	
-1	-2	4	-1	-1	0	-3	-4	
1	-1	-29	-3	-1	1	0	-9	
-2	0	0	2	-1	1	-6	-3	
0	-1	23	4	-1	-4	11	21	
-1	-1	-41	-7	-1	-1	-4	0	
-3	-4	14	-1	-1	-3	3	2	
0	-2	0	-4	-2	2	2	-4	
-2	2	2	7	1	1	-6	4	
0	-1	0	-1	0	-1	4	1	
-2	-2	5	-1	0	1	-5	-5	
0	1	-26	-4	0	-1	-1	-8	
-1	0	17	3	1	2	-1	0	
1	-2	7	-1	0	1	3	0	
