2	4	5	-2	-1	-2	-1	0	
2	-3	-8	-3	0	0	0	-1	
-5	-13	1	1	-2	-1	-1	-2	
-1	6	1	-1	-2	-1	0	2	
-1	-9	-4	0	0	1	0	0	
-2	1	16	-4	-1	-1	0	-1	
2	7	5	2	0	-2	-1	0	
-2	-5	10	1	1	1	0	-1	
-1	-8	-24	-3	-1	-2	-1	2	
-1	-4	13	-1	-1	-3	0	-1	
0	12	5	2	-1	1	0	2	
-5	3	-8	-3	1	-1	0	-2	
-1	-4	7	1	0	1	-1	-1	
2	5	2	2	-1	1	-1	-2	
3	18	0	-1	-1	-1	-1	0	
1	-13	1	0	-1	0	-1	0	
-2	8	9	0	0	0	0	0	
-2	2	-26	-4	0	0	-1	-1	
-3	-19	-10	-3	0	-3	-1	-1	
1	-4	0	0	0	1	-1	-1	
-2	0	-6	0	-1	0	-1	-1	
1	6	20	-2	0	-2	-1	0	
-3	15	8	1	-1	1	1	2	
-3	-15	-14	-3	0	-1	-1	-3	
1	-2	-11	-3	-2	-2	0	-2	
-2	3	-1	2	0	0	-1	-2	
-3	-38	-2	-1	0	-2	-2	-1	
2	32	0	2	-1	-1	-1	0	
-3	2	-10	-1	0	-2	-2	-1	
-2	-7	7	3	1	0	-1	0	
5	-2	8	0	0	-1	1	-1	
0	-11	-18	-3	-1	0	1	0	
0	-7	-17	-6	-2	0	-2	-1	
-2	5	1	0	1	-2	-2	1	
-7	-3	12	2	-1	-1	0	0	
-4	-32	3	2	-2	-2	-1	-3	
2	4	-2	-3	-1	-1	-1	1	
-1	4	15	-2	-1	-1	0	0	
0	-9	-13	-2	-2	1	-2	-2	
-1	0	7	0	0	0	0	-1	
-4	-1	-19	-2	-1	-1	-2	0	
1	8	1	0	-1	-3	0	0	
-6	-59	-4	-1	-1	-2	-2	-3	
1	9	4	1	0	0	-1	-2	
1	-11	14	2	-1	0	0	-1	
1	26	8	0	0	1	-1	2	
0	2	-28	-2	-1	2	0	-3	
-1	5	8	-3	-3	-2	-2	0	
2	10	9	3	-1	0	0	-1	
-2	-21	-1	1	1	-2	-4	-2	
-1	10	-15	-5	0	-1	1	1	
1	7	-5	-3	-2	-1	0	0	
-2	4	12	-1	0	0	1	-1	
-5	-29	1	4	0	0	-1	-2	
1	-12	-10	-3	-2	-1	0	-3	
-1	24	-13	-4	-1	-2	-1	-2	
1	-2	4	-1	-2	0	-1	0	
-2	-26	1	-2	-1	-2	-1	0	
4	16	16	3	0	0	-2	0	
-2	-5	7	1	-1	0	0	-1	
-2	-10	-2	1	1	-1	0	-1	
0	5	-9	-2	-3	-1	-2	-2	
-1	21	3	-7	-2	-1	-2	0	
2	2	-4	1	-1	1	0	1	
-2	3	10	1	-2	-1	-2	0	
0	1	0	-1	0	0	1	-1	
1	20	-22	0	1	-2	0	0	
0	-10	23	-1	2	-1	-1	0	
-5	21	3	-1	0	0	0	-1	
1	4	-22	-1	-3	0	-1	-1	
1	1	8	-1	-1	-2	-1	-1	
2	-5	-23	-3	-1	-1	0	0	
1	-17	7	1	0	0	-1	0	
-1	11	12	-5	-2	-1	1	0	
-4	16	19	3	2	-1	-1	0	
1	-17	1	1	-2	-1	-3	-1	
2	23	-2	-4	0	-1	0	0	
2	15	-7	-1	-1	0	0	2	
-4	-41	-6	-1	-2	-1	-1	-1	
-1	19	3	0	1	-3	0	-3	
7	-39	-6	-3	-2	-2	-1	0	
-22	1	8	-1	-1	-1	-2	-9	
3	13	15	2	1	1	-1	2	
-4	9	-13	7	0	-1	-1	1	
3	-3	-10	-11	-2	0	-2	-1	
1	-13	-2	-1	-1	1	0	0	
2	-35	-2	-1	0	0	-1	-4	
-7	7	14	3	-2	-1	0	-1	
-4	44	-6	3	-1	0	1	2	
-3	-48	-3	-7	1	0	-2	-1	
0	29	3	-1	-1	0	-2	1	
8	-11	-7	0	4	1	-1	-1	
4	-7	-5	1	-1	-2	-1	-1	
15	-14	-52	-4	-3	-3	-1	1	
-10	18	5	6	0	2	2	1	
-17	24	-6	-9	-2	-2	-4	-10	
3	-20	-10	2	1	0	-10	-3	
11	7	-11	4	1	1	0	18	
-21	27	12	-7	-1	-1	15	11	
29	-15	-3	3	0	2	4	19	
7	34	43	0	-1	-1	1	-6	
-45	-17	12	-1	-4	3	15	-21	
13	-18	-37	1	1	-6	-35	-3	
-13	-16	48	4	-3	-1	12	-4	
-5	-20	-41	2	0	-4	-15	12	
39	-71	13	-22	-1	4	11	-11	
-62	26	-3	-1	-6	-4	9	-41	
22	-13	-11	10	4	-1	-23	17	
11	80	18	-5	2	6	33	29	
-19	94	31	15	-1	-3	-2	-10	
26	-101	3	-7	4	1	-22	12	
28	57	-19	-34	-9	-2	0	-1	
2	-26	6	25	4	-5	25	-29	
-58	23	-41	52	4	0	-20	57	
12	14	11	-18	-5	-5	-13	-36	
8	2	15	1	-3	6	42	72	
-40	-23	43	22	2	6	-69	-20	
-6	22	-29	-63	-11	-10	1	-82	
-30	-60	38	-10	-6	-8	31	40	
15	-44	-45	13	3	5	0	-87	
-3	-15	8	21	-5	14	82	52	
52	51	21	-3	13	17	-106	-29	
4	-24	15	-7	-8	-30	74	-15	
-33	-30	-40	0	1	-7	46	-35	
43	-1	-2	-8	-5	-21	-37	-33	
-37	6	-17	49	9	4	13	18	
60	35	28	-52	-5	19	7	53	
-62	56	46	19	-1	4	-19	63	
-45	6	-75	-54	-7	-12	-21	-58	
41	-53	-59	-5	4	20	-9	62	
-9	80	2	22	-7	-17	-20	-8	
68	-40	-2	22	6	-1	-4	-32	
74	28	14	-60	-10	23	17	84	
-64	-35	-57	-10	6	40	101	-56	
-2	-29	15	19	8	53	-11	43	
-44	38	47	60	10	-60	7	-1	
63	-70	-58	-6	-7	-72	-113	21	
4	-11	63	-39	-10	-1	-17	-27	
33	76	26	40	3	17	108	31	
-128	-67	-23	-50	-26	-47	-109	-93	
64	44	43	62	13	38	104	-29	
65	-33	24	-18	-23	-34	-91	127	
-17	-83	-109	-24	4	20	41	-31	
85	-56	68	-15	9	32	-31	90	
42	81	-50	12	-1	4	38	-58	
-60	-41	14	-22	20	-1	-109	-109	
-40	106	87	121	-11	-19	16	55	
124	16	4	-109	13	17	-84	46	
-112	-69	-39	72	-14	-7	102	97	
-78	-52	-22	9	-46	-7	108	-62	
51	-33	13	50	42	-10	25	-41	
-12	47	59	127	1	10	-25	99	
-89	-17	78	-114	3	1	-128	-51	
31	53	3	33	-18	19	79	72	
81	21	-28	27	-17	-56	-9	-25	
16	57	-48	-49	28	113	-39	4	
69	110	40	-17	1	-46	-30	-70	
-37	27	35	-24	-13	-91	30	118	
15	-19	3	20	-19	-34	-27	59	
57	127	73	-61	-22	51	83	-4	
-103	64	-1	-33	14	7	-40	16	
117	-36	-73	1	36	18	-58	-41	
-86	25	58	-48	31	12	-48	-28	
-128	-128	-128	45	-7	-56	-10	-128	
26	-56	-21	-36	-29	43	42	26	
82	60	29	-112	6	28	-4	38	
66	60	-52	20	-7	-3	30	26	
-89	-8	-11	-5	42	92	109	-34	
46	11	61	77	49	-98	3	90	
-76	-81	-49	-23	-15	39	-81	-102	
59	10	4	4	-66	-4	45	-119	
82	-6	4	35	38	-42	-12	111	
-57	-24	-77	96	11	12	-45	41	
-22	127	87	84	-13	-9	-84	-37	
-44	-58	-27	-128	5	2	20	59	
-63	50	-31	0	-43	-50	-46	-128	
-7	-53	11	4	-6	32	-11	-29	
108	99	36	-15	10	15	28	98	
-96	-63	-46	28	-49	-19	-128	-82	
109	88	40	-8	8	-7	127	25	
36	-49	-4	48	3	35	-81	8	
10	-56	-69	-81	14	-24	127	-4	
-83	80	52	85	22	25	-59	-72	
86	42	79	64	39	-5	-84	13	
-80	-72	-75	101	-19	37	127	55	
-4	-17	25	-6	-13	-42	-64	-86	
99	112	-16	-113	21	20	-20	-42	
-52	-90	-57	0	-33	-24	-27	-102	
5	-9	14	-34	-6	-89	-27	2	
19	37	94	72	31	86	38	-77	
-55	-128	-63	-22	-29	-98	19	71	
-128	-79	11	12	-23	41	-3	-33	
37	99	18	-89	41	-17	-45	52	
-3	17	-3	77	-20	-8	116	-51	
-87	-4	40	24	-57	-49	-61	-69	
44	-32	5	-2	-20	-14	13	56	
76	-36	106	-97	12	78	10	4	
19	74	-91	8	53	-1	9	123	
27	-81	23	0	69	83	61	78	
-43	-40	-66	-66	-19	-29	-88	-43	
-114	-5	-52	45	-22	-35	-74	-119	
80	38	83	-82	-34	0	55	83	
13	15	-21	-14	35	80	11	-11	
127	-12	-61	11	20	-98	-23	38	
-3	-39	49	-8	-26	53	90	-118	
35	-18	9	86	-35	-79	-101	-100	
-14	-23	36	-33	52	53	91	107	
25	11	24	-50	-19	-18	-68	-83	
52	107	21	35	-15	-14	60	45	
-56	83	51	109	-20	-26	-18	30	
-24	-15	-38	-32	-26	-5	-63	-34	
-5	127	59	20	30	35	125	82	
-40	5	-9	-95	22	15	-31	41	
57	71	16	-29	36	17	-15	-26	
64	-2	-17	-64	-14	-25	-59	-30	
-15	-128	-59	89	28	-3	-66	6	
53	92	29	-75	-35	-24	-25	-33	
32	-41	8	-8	-6	-2	70	33	
93	63	-52	100	25	62	93	78	
-81	33	10	-6	-45	6	115	110	
95	20	68	-3	6	60	-37	-95	
-78	-91	-23	-8	-30	-47	-4	63	
127	107	22	35	-13	-18	15	60	
-82	6	32	2	-6	67	49	-44	
53	-94	-33	83	-8	-45	-12	35	
-33	-25	-61	-87	8	13	36	-128	
55	-20	50	52	4	-27	-76	-8	
98	127	45	69	-20	-7	18	95	
-92	-21	-60	-112	-19	-11	47	61	
69	-81	-50	83	-23	11	-97	-38	
-39	85	-63	-115	81	29	-23	-57	
-40	52	86	59	16	-32	-92	-128	
127	-35	-22	-51	-37	-18	19	75	
-40	127	57	-4	18	50	27	14	
-4	47	78	76	6	34	-79	67	
49	-79	-124	-21	-8	-34	66	21	
69	127	34	127	-9	-8	-4	62	
-81	-49	-29	-50	1	33	85	127	
87	4	-14	1	-27	3	11	-83	
-48	-57	-32	-40	24	5	-26	15	
-68	-43	1	-58	-20	-6	-15	-73	
26	84	0	-19	27	60	53	73	
27	114	53	-39	-16	-51	-66	36	
-37	-73	-4	81	-74	7	91	-20	
-81	107	-39	-1	43	39	12	-128	
57	-92	-53	12	47	-12	-8	84	
-102	-13	-25	-50	24	26	-18	-91	
127	39	102	22	3	-26	-40	18	
48	19	-49	-29	26	-27	-12	24	
98	127	88	33	32	69	-4	29	
-16	24	60	13	-41	-6	127	-17	
-11	60	-10	-32	-33	-4	-44	94	
32	77	72	68	1	-9	-46	-80	
124	66	6	66	0	-47	-70	-30	
91	-11	49	41	0	-85	-64	127	
-103	-59	-65	-128	5	64	-59	-117	
88	37	13	44	-16	74	127	84	
-27	-37	43	1	-74	-108	-102	-108	
-82	-40	-63	-89	-21	16	-34	30	
68	-5	-33	-65	43	14	-106	-51	
37	-77	-59	96	-23	18	43	73	
-11	41	75	-128	54	42	93	5	
-6	-84	-28	127	44	-5	64	66	
-21	127	96	-20	-16	-2	-37	-22	
-108	-128	-48	31	25	55	20	2	
49	71	43	28	-53	15	42	-33	
88	-118	-63	41	-93	-113	-15	54	
120	66	-11	-38	60	98	-46	8	
50	3	70	-4	-14	-112	44	67	
-13	-21	-17	14	-16	-41	-45	-34	
42	52	45	-25	24	62	8	54	
-67	-6	-44	51	-18	-13	62	-71	
46	69	14	-9	8	-7	-78	22	
-78	-128	-57	-8	-20	36	2	20	
39	-21	-55	-128	30	41	99	2	
-92	-24	-17	59	-7	-53	-67	-48	
17	56	48	107	9	16	-29	-31	
-13	-57	-46	-87	75	7	14	-13	
3	47	33	107	-5	44	7	-31	
6	-34	-13	-8	-16	-82	5	51	
9	31	-31	24	9	-1	-70	29	
-32	-72	-44	-8	-33	-17	-59	-19	
-59	35	26	6	1	46	16	-85	
61	-9	24	-8	-4	-23	22	127	
-47	-28	-27	-37	-15	0	0	-63	
10	43	35	33	-7	-50	-53	40	
-45	-50	-39	-35	-7	4	-42	-35	
127	78	33	8	-6	3	-9	55	
-26	-31	-14	-37	-1	14	61	-29	
3	70	-6	12	6	8	-2	-20	
-20	-12	-9	-3	5	-4	-17	-62	
41	10	6	10	9	28	28	22	
-34	-3	38	-21	0	-20	-30	0	
-17	2	-55	27	-4	-5	7	-33	
13	49	107	24	-8	-13	-3	27	
-50	21	-117	-13	1	3	9	-22	
-12	-33	14	-31	-1	23	-1	-8	
-17	-24	13	18	-14	-25	-10	3	
-3	-26	-59	-18	-3	-23	-24	-60	
-10	58	79	-1	5	26	59	18	
-15	-7	-30	-4	11	6	8	-33	
14	10	-41	45	9	11	-10	6	
-11	38	71	-1	-6	-5	-11	-14	
12	-20	-40	1	6	12	49	19	
27	40	81	44	19	2	-14	-3	
-47	-97	-93	-73	-39	-23	-24	25	
-14	25	37	-34	-12	-4	0	-10	
-9	-7	-25	-8	-8	-18	8	13	
15	1	5	11	11	4	0	77	
0	10	16	47	18	70	52	-26	
-9	6	-13	16	1	-43	-61	31	
-4	-25	55	-42	-27	-45	16	-55	
-9	26	-66	-16	1	-5	-42	26	
-9	36	45	21	5	1	24	-12	
7	30	-61	12	7	25	18	4	
7	16	59	38	16	34	25	39	
5	-118	-86	-56	-11	-8	-10	-77	
10	64	42	10	-1	-2	2	3	
4	17	56	0	-1	-1	3	-48	
13	70	68	67	21	14	13	53	
-13	33	-72	-61	-8	5	37	36	
17	-41	73	-28	-11	-17	-44	7	
-14	-26	36	-24	-17	-13	3	-40	
2	-30	-30	2	-2	5	11	-26	
3	-80	-1	26	8	7	5	12	
12	18	67	47	17	18	18	-6	
-9	-46	-72	-13	-4	-24	-16	-2	
-4	11	-49	-21	-7	2	-9	-44	
-9	-2	127	20	-1	0	-1	-14	
-8	2	-81	-13	-4	-8	-10	33	
6	16	-19	11	3	1	10	-23	
-3	-43	-51	-15	-1	14	-1	-15	
-4	8	-4	21	0	-25	-18	-62	
0	-19	2	-35	-10	18	33	9	
13	25	42	23	7	-20	-16	47	
-5	-26	-90	-29	-8	-8	-12	-24	
-3	6	22	3	-1	3	5	27	
1	77	13	27	10	8	7	-11	
-3	-45	-1	23	2	12	5	-33	
-4	-23	-16	-40	-9	2	11	42	
7	-21	-22	-9	-5	-5	-17	-46	
-4	-22	14	12	1	-10	1	-34	
-16	-17	-73	-18	-5	-2	4	18	
-8	-25	41	14	5	-2	-5	-39	
-5	21	44	2	1	12	10	23	
0	-19	-25	4	-1	-15	-19	7	
8	6	36	-5	2	9	12	11	
5	-9	14	-6	-2	0	5	0	
-14	4	0	-20	-4	-4	-7	-21	
11	-29	7	20	3	-6	-9	22	
-21	-12	13	-9	-4	-1	-4	13	
3	6	18	-3	-1	-4	-3	-21	
0	16	28	4	-2	-6	-8	3	
-4	-8	-56	-2	-1	-8	-11	-4	
1	10	10	2	1	11	11	-8	
2	-22	-9	4	1	2	1	17	
6	48	-10	0	0	1	1	-7	
-9	-44	-77	-12	-1	-3	2	-19	
11	21	-32	2	0	6	9	-34	
-1	9	20	2	-3	-7	-9	30	
-8	-7	-34	-12	-2	1	2	-23	
3	25	42	-5	0	-4	-5	4	
1	-14	29	7	1	4	-7	2	
-1	7	-6	5	1	-3	-5	-6	
5	-14	16	-3	-4	0	12	52	
-4	-11	23	4	-3	-1	0	-4	
8	-3	-5	-9	-2	4	-6	13	
-8	-19	20	11	0	-7	-11	-90	
1	-7	-17	-3	0	0	-4	26	
1	21	37	10	3	0	3	4	
-6	-77	-86	-19	-7	1	3	50	
3	15	45	-3	-4	-2	-3	-2	
-14	31	43	-1	-1	0	-1	-15	
-7	-30	50	2	-1	-3	-6	-3	
-2	2	15	9	3	1	3	-10	
-2	-6	3	2	0	-1	1	14	
4	16	-16	-5	-2	-1	0	0	
0	-9	2	3	0	-2	-4	3	
4	1	12	7	2	-2	3	-12	
-2	-18	-98	-8	0	-1	-4	8	
2	4	57	3	-3	0	-4	-5	
1	0	-42	-1	-2	-7	-5	-5	
5	14	-4	0	-1	-1	1	-1	
-11	-8	23	7	-2	-3	-4	-35	
3	-15	-13	-1	2	-1	-1	16	
3	-6	3	-3	-1	0	-3	34	
-3	3	-22	1	0	-1	-3	-60	
7	48	60	4	1	2	-1	47	
9	-11	-33	-6	-2	-1	-1	-36	
1	4	78	-3	-2	-5	-10	3	
-1	-8	-50	-6	0	-1	2	5	
2	-18	72	4	-1	-3	-2	22	
4	2	-1	-8	-1	0	0	2	
2	12	-22	7	1	3	4	9	
-1	25	17	0	-1	1	2	2	
-7	-23	-14	-2	3	1	0	-9	
-5	11	-4	4	0	-1	1	8	
-8	8	-12	-5	0	1	-2	0	
-3	-13	2	4	0	-1	-1	-10	
3	-9	-34	-4	-3	0	7	9	
